1 2 7 11 14 15 17 19 21 23 25 27 29 31 33 35 37 39 41 43 45 47 50 51 53 55 57 59 61 63 65 67 69 71 73 75 77 79 81 83 85 87 89 91 93 95 97 99 101 103 105 107 109 111 113 115 119 122 123 125 127 129 136 137 142 144 146 1
1 2 7 11 14 15 17 19 21 23 25 27 29 31 33 35 37 39 41 43 45 47 50 51 53 55 57 59 61 63 65 67 69 71 73 75 77 79 81 83 85 87 89 91 93 95 97 99 101 103 105 107 109 111 113 115 119 122 123 125 127 129 136 137 142 144 146 1
1 4 7 11 14 15 17 19 21 23 25 27 30 31 33 35 37 39 41 43 45 47 49 51 53 55 57 59 61 63 65 67 69 71 73 75 77 79 81 83 85 87 89 91 93 95 97 99 101 103 105 108 109 111 113 115 119 122 123 125 127 129 136 137 142 144 146 0
1 2 7 11 14 15 17 19 21 23 25 27 30 31 33 35 37 39 41 43 45 47 49 51 53 55 57 59 61 63 65 67 69 71 73 75 77 79 81 83 85 87 89 91 93 95 97 99 101 104 105 107 109 111 113 116 119 122 123 125 127 132 136 137 142 144 146 0
1 2 7 11 14 15 17 19 21 23 25 27 29 31 33 35 37 39 41 43 45 47 49 51 54 55 57 59 61 63 65 67 69 71 73 75 77 79 81 83 85 87 89 91 93 95 97 99 101 103 105 107 109 111 113 115 119 122 123 125 127 130 136 137 142 144 146 1
1 2 7 11 14 15 17 19 21 23 25 27 29 31 33 35 37 39 41 43 45 47 49 51 53 55 57 59 61 63 65 67 69 71 73 76 77 79 81 83 85 87 89 91 93 95 97 99 101 103 105 107 109 111 113 115 119 122 123 125 127 133 136 137 142 144 146 1
1 2 7 11 14 15 17 19 21 23 25 27 29 31 33 35 37 39 41 43 45 47 49 51 54 55 57 59 61 63 65 67 69 71 73 75 77 79 81 83 85 87 89 91 93 95 97 99 101 103 105 107 109 111 113 115 119 122 123 125 127 129 136 137 142 144 146 1
1 2 7 11 14 15 17 19 21 23 25 27 29 31 33 35 37 39 41 43 45 47 49 51 54 55 57 59 61 63 65 67 69 71 73 75 77 79 81 83 85 87 89 91 93 95 97 99 101 103 105 107 109 111 113 115 119 122 123 125 127 129 136 137 142 144 146 1
0 4 7 11 14 15 17 19 21 23 25 27 30 31 33 35 37 39 41 43 45 47 49 51 53 55 57 59 61 63 65 67 69 71 73 75 77 80 81 83 85 87 89 91 93 95 97 99 101 103 105 107 109 111 113 116 119 122 123 125 127 130 136 137 142 144 146 0
0 4 7 11 14 15 17 19 21 23 25 27 30 31 33 35 37 39 41 43 45 47 49 51 53 55 57 59 61 63 65 67 69 71 73 76 77 79 81 83 85 87 89 91 93 95 97 99 101 103 105 107 109 111 113 115 119 122 123 125 127 133 136 137 142 144 146 0
0 3 7 9 12 15 17 19 21 23 25 27 30 31 33 36 37 39 41 43 45 47 49 51 53 55 57 59 61 63 65 67 69 71 73 75 77 79 81 83 85 87 89 91 93 95 97 99 102 103 105 107 109 111 113 115 117 120 123 125 127 133 136 139 142 144 146 0
0 3 7 9 12 15 17 19 21 23 25 27 30 31 33 36 37 39 41 43 45 47 49 51 53 55 57 59 61 63 65 67 69 71 73 75 77 79 81 83 85 87 89 91 93 95 97 99 102 103 105 107 109 111 113 115 117 120 123 125 127 129 136 139 142 144 146 0
0 4 7 10 12 15 17 19 21 23 25 27 30 31 34 35 37 39 41 43 45 47 49 51 53 55 57 59 61 63 65 67 69 71 73 76 77 79 81 83 85 87 89 91 93 95 97 99 101 103 105 107 109 111 113 116 118 121 123 125 127 130 136 137 142 144 146 0
0 4 7 10 13 15 17 19 21 23 25 27 30 31 34 35 37 39 41 43 45 47 49 51 53 55 57 59 61 63 65 67 69 71 73 75 77 79 81 83 85 87 89 91 93 95 97 99 101 103 105 107 109 111 113 115 118 120 123 126 127 133 136 137 142 144 146 0
1 4 7 11 14 15 17 19 21 23 25 27 29 31 33 35 37 39 41 43 45 47 49 51 53 55 57 59 61 63 65 67 69 71 73 75 77 80 81 83 85 87 89 91 93 95 97 99 101 103 105 107 109 111 113 115 119 122 123 125 127 133 136 137 142 144 146 1
1 4 7 11 14 15 17 19 21 23 25 27 29 31 33 35 37 39 41 43 45 47 49 51 53 55 57 59 61 63 65 67 69 71 73 75 77 79 81 84 85 87 89 91 93 95 97 99 101 103 105 107 109 111 113 115 119 122 123 125 127 129 136 137 142 144 146 1
0 4 7 9 14 15 17 19 21 23 25 27 29 31 34 35 37 39 41 43 45 47 49 51 53 55 57 59 61 63 65 67 69 71 73 75 77 79 81 83 85 87 89 91 93 95 97 99 101 103 105 107 109 111 113 115 117 120 123 125 127 130 136 137 142 144 146 0
0 2 8 9 12 15 17 19 21 23 25 27 29 31 34 35 37 39 41 44 45 47 49 51 53 55 57 59 61 63 65 67 69 71 74 75 77 79 81 83 85 87 89 91 93 95 97 99 101 103 105 107 109 111 113 115 117 122 123 125 127 130 136 139 142 144 146 0
1 2 7 11 14 15 17 19 21 23 25 27 29 31 33 35 37 39 41 43 45 47 49 51 53 55 57 59 61 63 65 67 69 71 73 76 77 79 81 83 85 87 89 91 93 95 97 99 101 103 105 107 109 111 113 115 119 122 123 125 127 130 136 137 142 144 146 1
1 2 7 11 14 15 17 19 21 23 25 27 29 31 33 35 37 39 41 43 45 47 49 51 53 55 57 59 61 63 65 67 69 71 73 76 77 79 81 83 85 87 89 91 93 95 97 99 101 103 105 107 109 111 113 115 119 122 123 125 127 129 136 137 142 144 146 1
1 2 7 9 13 15 17 19 21 23 25 27 29 31 33 35 37 39 41 43 45 47 49 51 53 55 57 59 61 64 65 67 69 71 73 75 77 79 81 83 85 87 89 91 93 95 97 99 101 103 105 107 109 111 113 115 118 120 123 125 127 129 136 137 142 144 146 1
1 3 8 10 12 15 17 19 21 23 25 27 29 31 33 35 37 39 41 43 45 47 49 51 53 55 57 59 61 63 65 67 69 71 73 75 77 79 81 83 85 87 89 91 93 95 98 99 101 103 105 107 109 111 113 115 117 121 123 125 127 129 136 139 142 144 146 0
0 4 7 9 14 15 17 19 21 23 25 27 29 31 34 35 37 39 41 43 45 47 49 51 53 55 57 59 61 63 65 67 69 71 73 75 77 79 81 83 85 87 89 91 93 95 97 99 101 103 105 107 109 111 113 115 117 120 123 125 127 130 136 137 142 144 146 0
0 3 8 9 12 15 17 19 21 23 25 27 29 31 34 35 37 39 41 43 45 47 49 51 53 55 57 59 61 63 65 67 69 71 73 75 77 79 81 83 85 87 89 91 93 96 97 99 101 103 105 107 109 111 113 115 117 122 123 125 127 130 136 139 142 144 146 0
1 2 7 10 13 15 17 19 21 23 25 27 30 31 33 35 37 39 41 43 45 47 49 51 53 55 58 59 61 63 65 67 69 71 73 75 77 79 81 83 85 87 89 91 93 95 97 99 101 103 105 107 109 111 113 115 118 122 123 125 127 134 136 137 142 144 146 0
1 4 7 10 14 15 17 19 21 23 25 27 30 31 33 35 37 39 41 43 45 47 49 51 53 55 58 59 61 63 65 67 69 71 73 75 77 79 81 83 85 87 89 91 93 95 97 99 101 103 105 107 109 111 113 116 118 121 123 125 127 134 136 139 142 144 146 0
0 2 7 11 14 16 17 19 21 23 25 27 29 31 33 35 37 39 41 43 45 47 49 51 53 55 57 59 61 63 65 67 69 71 73 75 77 79 81 83 85 87 89 91 93 95 97 99 101 103 105 107 109 111 113 115 119 122 123 125 127 130 136 137 142 144 146 0
0 3 7 11 14 16 17 19 21 23 25 27 29 31 33 35 37 39 41 43 45 47 49 51 53 55 57 59 61 63 65 67 69 71 73 75 77 79 81 83 85 87 89 91 93 95 97 99 101 103 105 107 109 111 113 115 119 122 123 125 127 130 136 137 142 144 146 0
1 2 7 11 14 16 17 19 21 23 25 27 29 31 33 35 37 39 41 43 45 47 49 51 53 55 57 59 61 63 65 67 69 71 73 75 77 79 81 83 85 87 89 91 93 95 97 99 101 103 105 107 109 111 113 115 119 122 123 125 127 129 136 137 142 144 146 1
1 2 7 11 14 16 17 19 21 23 25 27 29 31 33 35 37 39 41 43 45 47 49 51 53 55 57 59 61 63 65 67 69 71 73 75 77 79 81 83 85 87 89 91 93 95 97 99 101 103 105 107 109 111 113 115 119 122 123 125 127 133 136 137 142 144 146 1
0 2 7 11 14 16 17 19 21 23 25 27 29 31 33 35 37 39 41 43 45 47 49 51 53 55 57 59 61 63 65 67 69 71 73 75 77 79 81 83 85 87 89 91 93 95 97 99 101 103 105 107 109 111 113 115 119 122 123 125 127 129 136 137 142 144 146 0
0 2 7 11 14 16 17 19 21 23 25 27 29 31 33 35 37 39 41 43 45 47 49 51 53 55 57 59 61 63 65 67 69 71 73 75 77 79 81 83 85 87 89 91 93 95 97 99 101 103 105 107 109 111 113 115 119 122 123 125 127 133 136 137 142 144 146 0
1 2 7 10 12 16 17 19 21 23 25 27 29 31 33 35 37 39 41 43 45 47 49 51 53 55 57 59 61 63 65 67 69 71 73 75 77 79 81 83 85 87 89 91 93 95 97 99 101 103 105 107 109 111 113 115 119 120 123 125 127 129 136 137 142 144 146 1
1 2 7 11 12 16 17 19 21 23 25 27 29 31 33 35 37 39 41 43 45 47 49 51 53 55 57 59 61 63 65 67 69 71 73 75 77 79 81 83 85 87 89 91 93 95 97 99 101 103 105 107 109 111 113 115 119 120 123 125 127 133 136 137 142 144 146 1
1 2 7 11 14 16 17 19 21 23 25 27 29 31 33 35 37 39 41 43 45 47 49 51 53 55 57 59 61 63 65 67 69 71 73 75 77 79 81 83 85 87 89 91 93 95 97 99 101 103 105 107 109 111 113 115 119 122 123 125 127 129 136 137 142 144 146 1
0 6 7 11 14 16 17 19 21 23 25 27 29 31 33 35 37 39 41 43 45 47 49 51 53 55 57 59 61 63 65 67 69 71 73 75 77 79 81 83 85 87 89 91 93 95 97 99 101 103 105 107 109 111 113 115 119 122 123 125 127 134 136 137 142 144 146 0
0 4 7 10 14 15 17 19 21 23 25 27 29 31 33 35 37 39 41 43 45 47 49 51 53 55 57 59 61 63 65 67 69 71 73 75 77 79 81 83 85 87 89 91 93 95 97 99 101 103 105 107 109 111 113 115 118 121 123 125 127 130 136 137 142 144 146 0
1 2 7 11 14 16 17 19 21 23 25 27 29 31 33 35 37 39 41 43 45 47 49 51 53 55 57 59 61 63 65 67 69 71 73 75 77 79 81 83 85 87 89 91 93 95 97 99 101 103 105 107 109 111 113 115 119 121 123 125 127 133 136 137 142 144 146 1
1 2 7 11 13 16 17 19 21 23 25 27 29 31 33 35 37 39 41 43 45 47 49 51 53 55 57 59 61 63 65 67 69 71 73 75 77 79 81 83 85 87 89 91 93 95 97 99 101 103 105 107 109 111 113 115 119 121 123 125 127 129 136 137 142 144 146 1
0 2 7 11 14 16 17 19 21 23 25 27 30 31 33 35 37 39 41 43 45 47 49 51 53 55 57 59 61 63 65 67 69 71 73 75 77 79 81 83 85 87 89 91 93 95 97 99 101 103 105 107 109 111 113 116 119 121 123 125 127 133 136 137 142 144 146 0
0 2 7 11 13 16 17 19 21 23 25 27 30 31 33 35 37 39 41 43 45 47 49 51 53 55 57 59 61 63 65 67 69 71 73 75 77 79 81 83 85 87 89 91 93 95 97 99 101 103 105 107 109 111 113 116 119 122 123 125 127 130 136 137 142 144 146 0
0 4 7 11 14 15 17 19 21 23 25 27 29 31 33 35 37 39 41 43 45 47 49 51 53 55 57 59 61 63 65 67 69 71 73 75 77 79 81 83 85 87 89 91 93 95 97 99 101 103 105 107 109 111 113 115 119 121 123 125 127 130 136 137 142 144 146 0
0 4 7 11 13 15 17 19 21 23 25 27 29 31 33 35 37 39 41 43 45 47 49 51 53 55 57 59 61 63 65 67 69 72 73 75 77 79 81 83 85 87 89 91 93 95 97 99 101 103 105 107 109 111 113 115 119 122 123 125 127 130 136 137 142 144 146 0
1 2 7 11 14 16 17 19 21 23 25 27 30 31 33 35 37 39 41 43 45 47 49 51 53 55 57 59 61 63 65 67 69 71 73 75 77 79 81 83 85 87 89 91 93 95 97 99 101 103 105 107 109 111 113 115 119 122 124 125 127 134 136 137 142 144 146 0
1 2 7 11 14 16 17 19 21 23 25 27 30 31 33 35 37 39 41 43 45 47 49 51 53 55 57 59 61 63 65 67 69 71 73 75 77 79 81 83 85 87 89 91 93 95 97 99 101 103 105 107 109 111 113 115 119 122 123 126 127 130 136 137 142 144 146 0
0 4 7 11 14 16 17 19 21 23 25 27 30 31 33 35 37 39 41 43 45 47 49 51 53 55 57 59 61 63 65 67 69 71 73 75 77 79 81 83 85 87 89 91 93 95 97 99 101 103 105 107 109 111 114 115 119 122 123 126 127 129 136 137 142 144 146 0
0 4 7 11 14 15 17 19 21 23 25 27 29 31 33 35 37 39 41 43 45 47 49 51 53 55 57 59 61 63 65 67 69 71 73 75 77 79 81 83 85 87 89 91 93 95 97 99 101 103 105 107 109 111 113 115 119 122 123 125 127 130 136 137 142 144 146 0
0 3 7 10 13 16 17 19 21 23 25 27 29 31 33 35 37 39 41 43 45 47 49 51 53 55 57 59 61 63 65 67 69 71 73 75 77 79 81 83 85 87 89 91 93 95 97 99 101 103 105 107 109 111 113 115 119 122 123 125 127 134 136 137 142 144 146 0
0 4 7 11 14 16 17 19 21 23 25 27 29 31 33 35 37 39 41 43 45 47 49 51 53 55 57 59 61 63 65 67 69 71 73 75 77 79 81 83 85 87 89 91 93 95 97 99 101 103 105 108 109 111 113 115 119 121 123 125 127 133 136 137 142 144 146 0
0 4 7 11 13 16 17 19 21 23 25 27 29 31 33 35 37 39 41 43 45 47 49 51 53 55 57 59 61 63 65 67 69 71 73 76 77 79 81 83 85 87 89 91 93 95 97 99 101 103 105 107 109 111 113 115 119 122 123 125 127 133 136 137 142 144 146 0
0 2 7 11 14 16 17 19 21 23 25 27 30 31 33 35 37 39 41 43 45 47 49 51 53 55 57 59 61 63 65 67 69 71 73 75 77 79 81 83 85 87 89 91 93 95 97 99 101 103 105 107 109 111 113 115 119 122 123 125 128 130 136 137 142 144 146 0
0 2 7 9 12 16 17 19 21 23 25 27 29 31 33 35 37 39 41 43 45 47 49 51 53 55 57 59 61 63 65 67 69 71 73 75 77 79 81 83 85 87 89 91 93 95 97 99 101 103 105 107 109 111 113 115 118 122 123 125 127 134 136 137 142 144 146 0
0 2 7 10 14 16 17 19 21 23 25 27 29 31 33 35 37 39 41 43 45 47 49 51 53 55 57 59 61 63 65 67 69 71 73 75 77 79 81 83 85 87 89 91 93 95 97 99 101 103 105 107 109 111 113 115 117 120 123 125 127 130 136 137 142 144 146 0
0 2 7 11 14 15 17 19 21 23 25 27 30 31 33 35 37 39 41 43 45 47 49 51 53 55 57 59 61 63 65 67 69 71 73 76 77 79 81 83 85 87 89 91 93 95 97 99 101 103 105 107 109 111 114 115 118 122 123 125 127 130 136 137 142 144 146 0
0 4 7 10 14 15 17 19 21 23 25 27 29 31 33 35 37 39 41 43 45 47 49 51 53 55 57 59 61 63 65 67 69 71 73 75 77 79 81 83 85 87 89 91 93 95 97 99 101 103 105 107 109 111 113 115 119 122 123 125 127 130 136 137 142 144 146 0
0 4 7 11 13 15 17 19 21 23 25 27 29 31 33 35 37 39 41 43 45 47 49 51 53 55 57 59 61 63 65 67 69 71 73 76 77 79 81 83 85 87 89 91 93 95 97 99 101 103 105 107 109 111 114 115 118 122 123 125 127 129 136 137 142 144 146 0
0 4 7 10 13 15 17 19 21 23 25 27 29 31 33 35 37 39 41 43 45 47 49 51 53 55 57 59 61 63 65 67 69 71 73 75 77 79 81 83 85 87 89 91 93 95 97 99 101 103 105 108 109 111 114 115 119 122 123 125 127 129 136 137 142 144 146 0
0 3 8 9 12 16 17 19 21 23 25 27 29 31 33 35 37 39 41 43 45 47 49 51 53 55 57 59 61 63 65 67 69 71 73 75 77 79 81 83 85 87 89 91 93 95 97 99 101 103 105 107 109 111 113 115 117 122 123 125 127 133 136 140 142 144 146 0
0 2 7 9 14 16 17 19 21 23 25 27 29 31 33 35 37 39 41 43 45 47 49 51 53 55 57 59 61 63 65 67 69 71 73 75 77 79 81 83 85 87 89 91 93 95 97 99 101 103 105 107 109 111 113 115 117 120 123 125 127 130 136 137 142 144 146 0
1 2 7 9 12 16 17 19 21 23 25 27 30 31 33 35 37 39 41 43 45 47 49 51 53 55 57 59 61 63 65 67 69 71 73 75 77 79 81 83 85 87 89 91 93 95 97 99 101 103 105 107 109 111 114 115 117 120 123 125 127 133 136 137 142 144 146 0
0 4 7 9 13 15 17 19 21 23 25 27 29 31 33 35 37 39 41 43 45 47 49 51 53 55 57 59 61 63 65 67 69 71 73 75 77 79 81 83 85 87 89 91 93 95 97 99 101 103 105 107 109 111 113 115 117 120 123 125 127 130 136 137 142 144 146 0
0 6 8 9 12 15 17 19 21 23 25 27 29 31 33 35 37 39 41 43 45 47 49 51 53 55 57 59 61 63 65 67 69 71 73 75 77 79 81 83 85 87 89 91 93 95 97 99 101 103 105 107 109 111 113 115 117 121 123 125 127 134 136 138 142 144 146 0
1 4 7 11 14 15 17 19 21 23 25 27 29 31 33 35 37 39 41 43 45 47 49 51 53 55 57 59 61 63 65 67 69 71 73 76 77 79 81 83 85 87 89 91 93 95 97 99 101 103 105 107 109 111 113 115 119 121 123 125 127 129 136 137 142 144 146 1
1 4 7 10 14 15 17 19 21 23 25 27 29 31 33 35 37 39 41 43 45 47 49 51 53 55 57 59 61 63 65 67 69 71 73 76 77 79 81 83 85 87 89 91 93 95 97 99 101 103 105 107 109 111 113 115 119 122 123 125 127 133 136 137 142 144 146 1
0 4 7 11 13 15 17 19 21 23 25 27 29 31 33 35 37 39 41 43 45 47 49 51 53 55 57 59 61 63 65 67 69 71 73 75 77 79 81 83 85 87 89 91 93 95 97 99 101 103 105 107 109 111 113 115 117 120 123 125 127 130 136 137 142 144 146 0
1 2 7 11 14 15 17 19 21 23 25 27 29 31 33 35 37 39 41 43 45 47 49 51 53 55 57 59 61 63 65 67 69 71 73 75 77 79 81 83 85 87 89 91 93 95 97 99 101 103 105 107 109 111 113 115 119 122 123 125 127 130 136 137 142 144 146 1
0 2 7 10 14 15 17 19 21 23 25 27 29 31 33 35 37 39 41 43 45 47 49 51 53 55 57 59 61 63 65 67 69 71 73 76 77 79 81 83 85 87 89 91 93 95 97 99 101 103 105 107 109 111 114 115 118 121 123 125 127 130 136 137 142 144 146 0
0 2 7 10 13 15 17 19 21 23 25 27 29 31 33 35 37 39 41 43 45 47 49 51 53 55 57 59 61 63 65 67 69 71 73 75 78 79 81 83 85 87 89 91 93 95 97 99 101 103 105 107 109 111 114 115 118 122 123 125 127 130 136 137 142 144 146 0
0 3 7 9 12 16 18 19 21 24 25 27 29 31 33 35 37 39 41 43 45 47 49 51 53 55 57 59 61 63 65 67 69 71 73 75 77 79 81 83 85 87 89 91 93 95 97 99 101 103 105 107 109 111 113 115 119 121 123 125 127 134 136 137 142 145 146 0
0 2 7 9 12 16 17 19 21 23 25 27 29 31 33 35 37 39 41 43 45 47 49 51 53 55 57 59 61 63 65 67 69 71 73 75 77 79 81 83 85 87 89 91 93 95 97 99 101 103 105 107 109 111 113 115 117 121 123 125 127 130 136 137 142 144 146 0
0 4 7 9 13 15 17 19 21 23 25 27 29 31 33 35 37 39 41 43 45 47 49 51 53 55 57 59 61 63 65 67 69 71 73 75 77 79 81 83 85 87 89 91 93 95 97 99 101 103 105 107 109 111 113 115 117 120 123 125 127 130 136 137 142 144 146 0
1 3 7 11 14 15 17 19 21 23 25 27 29 31 33 35 37 39 41 43 45 47 49 51 53 55 57 59 61 63 65 67 69 71 73 75 77 79 81 83 85 87 89 91 93 95 97 99 101 103 105 107 109 111 113 115 119 121 123 126 127 134 135 137 142 144 146 1
1 3 7 11 13 15 17 19 21 23 25 27 29 31 33 35 37 39 41 43 45 47 49 51 53 55 57 59 61 63 65 67 69 71 73 75 77 79 81 83 85 87 89 91 93 95 97 99 101 103 105 107 109 111 113 115 119 122 123 126 127 134 135 137 142 144 146 1
1 4 7 10 14 15 17 19 21 23 25 27 29 31 33 35 37 39 41 43 45 47 49 51 53 55 57 59 61 63 65 67 69 71 73 75 77 80 81 83 85 87 89 91 93 95 97 99 101 103 105 107 109 111 113 115 119 122 123 125 127 129 136 137 142 144 146 1
0 4 7 9 13 15 17 19 21 23 25 27 29 31 33 35 37 39 41 43 45 47 49 51 53 55 57 59 61 63 65 67 69 71 73 75 77 79 81 83 85 87 89 91 93 95 97 99 101 103 105 107 109 111 113 115 117 120 123 125 127 130 136 137 142 144 146 0
0 3 8 9 12 15 17 19 21 23 25 27 29 31 33 35 37 39 41 43 45 47 49 51 53 55 57 59 61 63 65 67 69 71 73 75 77 79 81 83 85 87 89 91 93 95 97 99 101 103 105 107 109 111 113 115 117 121 123 125 127 129 136 138 142 144 146 0
0 4 7 10 12 15 17 19 21 23 25 27 29 31 33 35 37 39 41 43 45 47 49 51 53 55 57 59 61 63 65 67 69 71 73 75 77 79 81 83 85 87 89 91 93 95 97 99 101 103 105 107 109 111 113 115 118 121 123 125 127 130 136 137 142 144 146 0
0 4 7 10 13 15 17 19 21 23 25 27 29 31 33 35 37 39 41 43 45 47 49 51 53 55 57 59 61 63 65 67 69 71 73 75 77 79 81 83 85 87 89 91 93 95 97 99 101 103 105 107 110 111 113 115 118 120 123 125 127 130 136 137 142 144 146 0
0 2 7 11 14 15 17 19 21 23 25 27 29 31 33 35 37 39 41 43 45 47 49 51 53 55 57 59 61 63 65 67 69 71 73 75 77 79 81 83 85 87 89 91 93 95 97 99 101 103 106 107 109 111 113 115 119 122 123 125 127 129 136 137 142 144 146 0
1 2 7 11 14 15 17 19 21 23 25 27 29 31 33 35 37 39 41 43 45 47 49 51 53 55 57 59 61 63 65 67 69 71 73 75 77 79 81 83 85 87 89 91 93 95 97 99 101 103 105 107 109 111 113 115 119 121 123 125 127 133 135 137 142 144 146 1
1 2 7 11 13 15 17 19 21 23 25 27 29 31 33 35 37 39 41 43 45 47 49 51 53 55 57 59 61 63 65 67 69 71 73 75 77 79 81 83 85 87 89 91 93 95 97 99 101 103 105 107 109 111 113 115 119 121 123 125 127 131 136 137 142 144 146 1
0 4 7 11 13 15 17 19 21 23 25 27 30 31 33 35 37 39 41 43 45 47 49 51 54 55 57 59 61 63 65 67 69 71 73 75 77 79 81 83 85 87 89 91 93 95 97 99 101 103 105 107 109 111 114 115 118 122 123 125 127 133 136 137 142 144 146 0
0 4 7 10 14 15 17 19 21 23 25 27 30 31 33 35 37 39 41 43 45 47 49 51 54 55 57 59 61 63 65 67 69 71 73 75 77 79 81 83 85 87 89 91 93 95 97 99 101 103 105 107 109 111 114 115 119 121 123 125 127 130 136 137 142 144 146 0
1 2 7 11 14 15 17 19 21 23 25 27 30 31 33 35 37 39 41 43 45 47 49 51 53 55 57 59 61 63 65 67 69 71 73 75 77 79 81 83 85 87 89 91 93 95 97 99 101 103 105 107 109 112 114 115 119 122 123 125 127 129 136 137 142 144 146 0
1 2 7 11 14 15 17 19 21 23 25 27 30 31 33 35 37 39 41 43 45 47 49 51 53 55 57 59 61 63 65 67 69 71 73 75 77 79 81 83 85 87 89 91 93 95 97 100 101 103 105 107 109 111 114 115 119 122 123 125 127 131 136 137 142 144 146 0
0 4 7 10 13 15 17 19 21 23 25 27 29 31 33 35 37 39 41 43 45 47 49 51 53 55 57 59 61 63 65 67 69 71 73 75 77 79 81 83 85 87 89 91 93 95 97 99 101 103 106 107 109 111 114 115 119 122 123 125 127 130 136 137 142 144 146 0
0 4 7 11 14 15 17 19 21 23 25 27 29 31 33 35 37 39 41 43 45 47 49 51 53 55 57 59 61 63 65 67 69 71 73 75 77 79 81 83 85 87 89 91 93 95 97 99 101 103 105 107 109 111 113 115 118 121 123 125 127 130 136 137 142 144 146 0
0 2 7 9 14 15 17 19 21 23 25 27 29 31 33 35 37 39 41 43 45 47 49 51 53 55 57 59 61 63 65 67 69 71 73 75 77 79 81 83 85 87 89 91 93 95 97 99 101 103 105 107 109 111 113 115 118 120 123 125 127 129 136 137 142 144 146 0
0 4 7 10 14 15 17 19 21 23 25 27 29 31 33 35 37 39 41 43 45 47 49 51 53 55 57 59 61 63 65 67 69 71 73 75 77 79 81 83 85 87 89 91 93 95 97 99 101 103 105 107 109 111 113 115 119 120 123 125 127 130 136 137 142 144 146 0
1 2 7 9 12 15 17 19 21 23 25 27 30 31 33 35 37 39 41 43 45 47 49 51 53 55 57 59 61 63 65 67 69 71 74 75 77 79 81 83 85 87 89 91 93 95 97 99 101 103 105 107 109 111 113 115 117 120 123 125 127 133 136 137 142 144 146 0
0 2 7 10 13 15 17 19 21 23 25 27 29 31 33 35 37 39 41 43 45 47 49 51 53 55 57 59 61 63 65 67 69 71 73 75 77 79 81 83 85 87 89 91 93 95 97 99 101 103 105 107 109 112 113 115 118 122 123 125 127 131 136 137 142 144 146 0
0 2 7 10 14 15 17 19 21 23 25 27 29 31 33 35 37 39 41 43 45 47 49 51 53 55 57 59 61 63 65 67 69 71 73 75 77 79 81 83 85 87 89 91 93 95 97 99 101 103 105 107 109 112 113 115 118 121 123 125 127 131 136 137 142 144 146 0
0 4 7 9 14 15 17 19 21 23 25 27 29 31 33 35 37 39 41 43 45 47 49 51 53 55 57 59 61 63 65 67 69 71 73 75 77 79 81 83 85 87 89 91 93 95 97 99 101 103 105 107 109 111 113 115 119 120 123 125 127 130 136 137 142 144 146 0
1 4 7 11 13 15 17 19 21 23 25 27 29 31 33 35 37 39 41 43 45 47 49 51 53 55 57 59 61 63 65 67 69 71 73 75 77 80 81 83 85 87 89 91 93 95 97 99 101 103 105 107 109 111 113 115 118 122 123 125 127 130 136 137 142 144 146 1
1 4 7 10 14 15 17 19 21 23 25 27 29 31 33 35 37 39 41 43 45 47 49 51 53 55 57 59 61 63 65 67 69 71 73 75 77 80 81 83 85 87 89 91 93 95 97 99 101 103 105 107 109 111 113 115 119 121 123 125 127 129 136 137 142 144 146 1
1 2 7 9 13 15 17 19 21 23 25 27 30 31 33 35 37 39 41 43 45 47 49 51 53 55 57 59 61 63 65 67 69 71 73 75 77 79 81 83 85 87 89 91 93 95 97 99 101 103 106 107 109 111 113 115 117 120 123 125 127 131 136 137 142 144 146 0
0 4 7 9 14 15 17 19 21 23 25 27 29 31 33 35 37 39 41 43 45 47 49 51 53 55 57 59 61 63 65 67 69 71 73 75 77 79 81 83 85 87 89 91 93 95 97 99 101 103 105 107 109 111 113 115 117 120 123 125 127 130 136 137 142 144 146 0
0 2 7 9 12 15 17 19 21 23 25 27 29 31 33 35 37 39 41 43 45 47 49 51 53 55 57 59 61 63 65 67 69 71 73 75 77 79 81 83 85 87 89 91 93 95 97 99 101 103 105 107 109 111 113 115 117 122 123 125 127 130 136 137 143 144 146 0
0 4 7 11 14 15 17 19 21 23 26 27 30 31 33 35 37 39 41 43 45 47 49 51 53 55 57 59 61 63 65 67 69 71 73 75 77 79 81 83 85 87 89 91 93 95 97 99 101 103 105 107 109 111 113 115 119 121 123 126 127 133 136 137 142 144 146 0
0 4 7 11 13 15 17 19 21 23 26 27 30 31 33 35 37 39 41 43 45 47 49 51 53 55 57 59 61 63 65 67 69 71 73 75 77 79 81 83 85 87 89 91 93 95 97 99 101 103 105 107 109 111 113 115 119 122 123 126 127 129 136 137 142 144 146 0
0 4 7 9 14 15 17 19 21 23 25 27 29 31 33 35 37 39 41 43 45 47 49 51 53 55 57 59 61 63 65 67 69 71 73 75 77 79 81 83 85 87 89 91 94 95 97 99 101 103 105 107 109 111 113 115 117 120 123 125 127 130 136 137 142 144 146 0
0 3 8 9 12 16 17 19 21 23 25 27 29 31 33 35 37 39 41 43 45 47 49 51 53 55 57 59 61 63 65 67 69 71 73 75 77 79 81 83 85 87 89 91 93 95 97 99 101 103 105 107 109 111 113 115 117 120 123 125 127 133 136 140 142 144 146 0
0 2 8 9 12 15 17 19 21 23 25 27 29 31 33 35 37 39 41 43 45 47 49 51 53 55 57 59 61 63 65 67 69 71 73 75 77 79 81 83 85 87 89 91 93 95 97 99 101 103 105 107 109 111 113 115 117 120 123 125 127 130 136 139 142 144 146 0
0 3 8 9 12 15 17 19 21 23 25 27 29 31 33 35 37 39 41 43 45 47 49 51 53 55 57 59 61 63 65 67 69 71 73 75 77 79 81 83 85 87 89 91 93 95 97 99 101 103 105 107 109 111 113 115 117 120 123 125 127 133 136 139 142 144 146 0
1 2 7 11 14 15 17 19 21 23 25 27 29 31 33 35 37 39 41 43 45 47 49 51 53 55 57 59 61 63 65 67 69 71 73 75 77 79 81 83 85 87 89 91 93 95 97 99 101 103 105 107 109 111 113 115 119 122 123 125 127 130 136 137 142 144 146 1
0 2 7 10 14 16 17 19 21 23 25 27 30 31 33 35 37 39 41 43 45 47 49 51 53 55 57 59 61 63 65 67 69 71 73 75 77 79 81 83 85 87 89 91 93 95 97 99 101 103 105 107 109 111 113 115 118 122 123 125 127 133 136 141 142 144 146 0
0 2 7 10 14 16 17 19 21 23 25 27 30 31 33 35 37 39 41 43 45 47 49 51 53 55 57 59 61 63 65 67 69 71 73 75 77 79 81 83 85 87 89 91 93 95 97 99 101 103 105 107 109 111 113 115 118 122 123 125 127 131 136 141 142 144 146 0
0 2 8 9 12 15 17 19 21 23 25 27 29 31 33 35 37 39 41 43 45 47 49 51 53 55 57 59 61 63 65 67 69 71 73 75 77 79 81 83 85 87 89 91 93 95 97 99 101 103 105 107 109 111 113 115 117 121 123 125 127 130 136 140 142 144 146 0
0 4 7 9 13 15 17 19 21 23 25 27 29 31 33 35 37 39 41 43 45 47 49 51 53 55 57 59 61 63 65 67 69 71 73 75 77 79 81 83 85 87 89 91 93 95 97 99 101 103 105 107 109 111 113 115 117 120 123 125 127 130 136 141 142 144 146 0
0 2 7 10 14 15 17 20 22 23 25 27 29 31 33 36 37 39 41 43 45 47 49 51 53 55 57 59 61 63 65 67 69 71 73 75 77 79 81 83 85 87 89 91 93 95 97 99 101 103 105 107 109 111 113 115 119 121 123 125 127 129 135 137 142 144 146 0
0 4 7 11 13 15 17 19 21 23 25 27 29 31 33 35 37 39 41 43 45 47 49 51 53 55 57 59 61 63 65 67 69 71 73 75 77 79 81 83 85 87 89 91 93 95 97 99 101 103 105 107 109 111 113 115 118 122 123 125 127 133 136 137 142 144 146 0
0 4 7 11 14 15 17 20 21 23 25 28 29 31 33 36 37 39 41 43 45 47 49 51 53 55 57 59 61 63 65 67 69 71 73 75 77 79 81 83 85 87 89 91 93 95 97 99 101 103 105 107 109 111 113 115 119 122 123 125 127 130 135 137 142 144 147 0
0 2 7 11 14 15 17 20 22 23 25 27 29 31 33 35 38 39 41 43 45 47 49 51 53 55 57 59 61 63 65 67 69 71 73 75 77 80 81 83 86 87 89 91 93 95 97 99 101 103 105 107 109 111 113 115 119 122 123 125 127 130 135 137 142 144 146 0
0 4 7 11 14 15 17 20 21 23 25 27 29 31 33 35 38 39 41 43 45 47 49 51 53 55 57 59 61 63 65 67 69 71 73 75 77 80 81 83 85 87 89 91 93 95 97 99 101 103 105 107 109 111 113 115 119 122 123 125 127 130 135 137 142 144 146 0
0 4 7 11 14 15 17 19 21 23 25 27 30 31 33 35 37 39 41 43 45 47 49 51 53 55 57 59 61 63 65 67 69 71 73 75 77 79 81 83 85 87 89 91 93 95 97 99 101 103 105 108 109 111 113 116 119 122 123 125 127 130 136 137 142 144 146 0
1 6 7 11 14 15 17 20 21 23 25 27 29 31 33 35 37 39 41 43 45 47 49 51 53 55 57 59 61 63 65 67 69 71 73 75 77 79 81 83 85 87 89 91 93 95 97 99 101 103 105 107 109 111 113 115 119 122 123 125 127 134 136 137 142 144 146 0
0 2 7 11 14 15 17 20 22 23 25 27 29 32 33 35 37 39 41 43 45 47 49 51 53 55 57 59 61 63 65 67 69 71 74 75 77 79 81 83 85 87 89 91 93 95 97 99 101 103 105 107 109 111 113 115 119 122 123 125 127 130 135 137 142 144 146 0
1 3 7 11 14 15 17 20 22 23 25 28 29 31 33 35 37 39 41 43 45 47 49 51 53 55 57 59 61 63 65 67 69 71 73 75 77 79 81 83 85 87 89 91 93 95 97 99 101 103 105 107 109 111 113 115 119 122 123 125 127 134 136 137 142 144 146 0
1 3 7 10 14 15 17 19 21 23 25 28 30 31 33 36 38 39 41 43 45 47 49 51 53 55 57 59 61 63 65 67 69 71 73 75 77 79 81 83 85 87 89 91 93 95 97 99 101 103 105 107 109 111 113 115 119 122 123 125 127 134 136 137 142 144 146 0
0 2 7 11 14 15 17 20 21 23 25 28 30 31 33 36 38 39 41 43 45 47 49 51 53 55 57 59 61 63 65 67 69 71 73 76 77 79 81 83 85 87 89 91 93 95 97 99 101 103 105 107 109 111 113 115 119 122 123 125 127 130 136 137 142 144 146 0
1 4 7 11 14 15 17 19 21 23 25 27 29 31 33 35 37 39 41 43 45 47 49 51 53 55 57 59 61 63 65 67 69 71 73 75 77 80 81 83 85 87 89 91 93 95 97 99 101 103 105 107 109 111 113 115 119 122 123 125 127 130 136 137 142 144 146 1
0 3 8 9 12 15 17 19 21 23 25 27 30 31 33 35 37 39 41 43 45 47 49 51 53 55 57 59 61 63 65 67 69 71 73 75 77 79 81 83 85 87 89 91 93 95 97 99 101 103 105 107 109 111 113 115 117 120 123 125 127 134 136 140 142 144 146 0
0 6 8 9 12 16 17 19 21 23 25 27 29 31 33 35 37 39 41 43 45 47 49 51 53 55 57 59 61 63 65 67 69 71 73 75 77 79 81 83 85 87 89 91 93 95 97 99 101 103 105 107 109 111 113 115 117 121 123 125 127 131 136 140 142 144 146 0
0 2 8 9 13 15 17 19 21 23 25 27 29 31 33 35 37 39 41 43 45 47 49 51 53 55 57 59 61 63 65 67 69 71 73 75 77 79 81 83 85 87 89 91 93 95 97 99 101 103 105 107 109 111 113 115 117 120 123 125 127 133 136 137 142 144 146 0
1 3 8 11 12 15 17 19 21 23 25 27 30 31 33 35 37 39 41 43 45 47 49 51 53 55 57 59 61 63 65 67 69 71 73 75 77 79 81 83 85 87 89 91 93 95 97 99 101 103 105 107 109 111 113 115 117 120 123 125 127 134 136 140 142 144 146 0
1 4 7 9 12 15 17 19 21 23 25 27 30 31 33 35 37 39 41 43 45 47 49 51 53 55 57 59 61 63 65 67 69 71 73 75 77 79 81 83 85 87 89 91 93 95 97 99 101 103 106 107 109 111 113 115 119 120 123 125 127 129 136 137 142 144 146 1
0 4 7 11 14 15 17 19 21 23 25 27 30 31 33 35 37 39 41 43 45 47 49 51 53 55 57 59 61 63 65 67 69 71 73 75 77 79 81 83 85 87 89 91 93 95 97 99 101 103 105 107 110 111 113 115 119 122 123 125 127 130 136 137 142 144 146 0
0 2 7 11 13 15 17 19 21 23 25 27 30 31 33 35 37 39 41 43 45 47 49 51 53 55 57 59 61 63 65 67 69 71 73 75 77 79 81 83 85 87 89 91 93 95 97 99 101 103 105 107 109 111 113 116 119 121 124 125 127 131 136 137 142 144 146 0
0 4 7 11 14 15 17 20 21 23 25 27 29 31 33 35 37 39 41 43 45 47 49 51 53 55 57 59 61 63 65 67 69 71 73 75 77 79 81 83 85 87 89 91 93 95 97 99 101 103 105 107 109 111 113 115 118 121 123 125 127 133 136 137 142 144 146 0
0 2 7 10 13 15 17 20 21 23 25 27 29 31 34 35 37 39 41 43 45 47 49 51 53 55 57 59 61 63 65 67 69 71 73 75 77 79 81 83 85 87 89 91 93 95 97 99 101 103 105 107 109 111 113 116 119 122 123 125 127 129 136 137 142 145 146 0
0 2 7 9 12 15 17 20 21 23 25 27 30 31 34 35 37 39 41 43 46 47 49 51 53 55 57 59 61 63 65 67 69 71 73 75 77 79 81 83 85 87 89 91 93 95 97 99 101 103 105 107 109 111 113 115 117 121 123 125 127 133 136 138 142 144 146 0
0 4 7 11 14 15 17 19 21 23 25 27 29 31 33 35 37 39 41 43 45 47 49 51 53 55 57 59 61 63 65 67 69 71 73 75 77 79 81 83 85 87 89 91 93 95 97 99 101 103 105 108 109 111 114 115 119 122 123 125 127 130 136 137 142 144 146 0
0 3 8 9 12 15 17 19 21 23 25 27 29 31 34 35 37 39 41 43 45 47 49 51 53 55 57 59 61 63 65 67 69 71 73 75 77 79 82 83 85 87 89 91 93 95 97 99 101 103 105 107 109 111 113 115 117 122 123 125 127 130 136 139 142 144 146 0
0 4 7 9 14 15 17 19 21 23 25 27 29 31 33 35 37 39 41 43 45 47 49 51 53 55 57 59 61 63 65 67 69 71 73 75 77 79 81 83 85 87 89 91 93 95 97 99 101 103 105 107 109 111 113 115 117 120 123 125 127 133 136 137 142 144 146 0
0 2 7 9 12 15 17 19 22 23 25 27 29 31 33 35 37 39 41 43 45 47 49 51 53 55 57 59 61 63 65 67 69 71 73 75 77 79 81 83 86 87 89 91 93 95 97 99 101 103 105 107 109 111 113 115 117 121 123 125 127 133 136 137 142 144 146 0
1 4 7 9 12 15 17 19 21 23 25 27 29 31 33 35 37 39 41 43 45 47 49 51 53 55 57 59 61 63 65 67 69 71 73 75 77 79 81 83 85 87 89 91 93 95 97 99 101 103 106 107 109 111 113 115 117 120 123 125 127 131 136 140 142 144 146 0
0 2 7 9 12 15 17 19 21 23 25 27 29 31 33 35 37 40 41 43 45 47 49 51 53 55 57 59 61 63 65 67 69 71 74 75 77 79 81 83 85 87 89 92 93 95 97 99 101 103 105 107 109 111 113 115 117 120 123 125 127 130 136 141 142 144 146 0
0 4 7 9 12 15 17 19 21 23 25 27 29 31 33 35 37 40 41 43 45 47 49 51 53 55 57 59 61 63 65 67 69 71 73 76 77 79 81 83 85 87 89 92 93 95 97 99 101 103 105 107 109 111 113 115 117 120 123 125 127 131 136 137 142 144 146 0
1 3 8 10 12 15 17 19 21 23 25 27 29 31 33 35 37 39 41 43 45 47 50 51 53 55 57 59 61 63 65 67 69 71 73 75 77 79 81 83 85 87 89 91 93 95 97 99 101 103 105 107 109 111 113 115 117 121 123 125 127 129 136 141 142 144 146 0
0 4 7 11 14 15 17 19 21 23 25 28 29 31 33 35 37 39 41 43 45 47 49 51 53 55 57 59 61 63 65 67 69 71 73 76 77 79 81 83 85 87 89 91 93 95 97 99 101 103 105 107 109 111 113 115 119 122 123 125 127 130 135 137 142 144 146 0
1 2 7 11 14 16 17 19 21 23 25 27 29 31 33 35 37 39 41 43 45 47 49 51 53 55 57 59 61 63 65 67 69 71 73 75 77 79 81 83 85 87 89 91 93 95 97 99 101 103 105 107 109 111 113 115 119 122 123 125 127 129 136 137 142 144 146 1
1 2 7 11 13 16 17 19 21 23 25 27 29 31 33 35 37 39 41 43 45 47 49 51 53 55 57 59 61 63 65 67 69 71 73 75 77 79 81 83 85 87 89 91 93 95 97 99 101 103 105 107 109 111 113 115 119 121 123 125 127 129 136 137 142 144 146 1
0 2 7 11 14 16 17 19 21 23 25 27 29 31 33 35 37 39 41 43 45 47 49 51 53 55 57 59 61 63 65 67 69 71 73 75 77 79 81 83 85 87 89 91 93 95 97 99 101 103 105 107 109 111 113 115 119 122 123 125 127 130 136 137 142 144 146 0
0 4 7 11 14 16 17 19 21 23 25 27 29 31 33 35 37 39 41 43 45 47 49 51 53 55 57 59 61 63 65 67 69 71 73 75 77 79 81 83 85 87 89 91 93 95 97 99 101 103 105 108 109 111 113 115 119 121 123 125 127 133 136 137 142 144 146 0
0 2 7 11 14 16 17 19 21 23 25 27 30 31 33 35 37 39 41 43 45 47 49 51 53 55 57 59 61 63 65 67 69 71 73 75 77 79 81 83 85 87 89 91 93 95 97 99 101 103 105 107 109 111 113 115 119 122 123 125 128 130 136 137 142 144 146 0
1 2 7 11 14 16 17 19 21 23 25 27 29 31 33 35 37 39 41 43 45 47 49 51 53 55 57 59 61 63 65 67 69 71 73 75 77 79 81 83 85 87 89 91 93 95 97 99 101 103 105 107 109 111 113 115 119 122 123 125 127 131 136 137 142 144 146 1
1 2 7 11 14 16 17 19 21 23 25 27 29 31 33 35 37 39 41 43 45 47 49 51 53 55 57 59 61 63 65 67 69 71 73 75 77 79 81 83 85 87 89 91 93 95 97 99 101 103 105 107 109 111 113 115 119 122 123 125 127 129 136 137 142 144 146 1
1 2 7 9 12 16 17 19 21 23 25 27 30 31 33 35 37 39 41 43 45 47 49 51 53 55 57 59 61 63 65 67 69 71 73 75 77 79 81 83 85 87 89 91 93 95 97 99 101 103 105 107 109 111 114 115 117 120 123 125 127 133 136 137 142 144 146 0
1 2 7 11 14 15 17 19 21 23 25 27 29 31 33 35 37 39 41 43 45 47 49 51 53 55 57 59 61 63 65 67 69 71 73 75 77 79 81 83 85 87 89 91 93 95 97 99 101 103 105 107 109 111 113 115 119 122 123 125 127 130 136 137 142 144 146 1
1 4 7 10 14 15 17 19 21 23 25 27 29 31 33 35 37 39 41 43 45 47 49 51 53 55 57 59 61 63 65 67 69 71 73 75 77 80 81 83 85 87 89 91 93 95 97 99 101 103 105 107 109 111 113 115 119 122 123 125 127 129 136 137 142 144 146 1
0 2 7 11 14 15 17 19 21 23 25 27 29 31 33 35 37 39 41 43 45 47 49 51 53 55 57 59 61 63 65 67 69 71 73 75 77 79 81 83 85 87 89 91 93 95 97 99 101 103 105 108 109 111 113 115 119 122 123 125 127 129 136 137 142 144 146 0
0 6 8 9 12 15 17 19 21 23 25 27 29 31 33 35 37 39 41 43 45 47 49 51 53 55 57 59 61 63 65 67 69 71 73 75 77 79 81 83 85 87 89 91 93 95 97 99 101 103 105 107 109 111 113 115 117 120 123 125 127 131 136 139 142 144 146 0
0 6 8 9 12 15 17 19 21 23 25 27 29 31 33 35 37 39 41 43 45 47 49 51 53 55 57 59 61 63 65 67 69 71 73 75 77 79 81 83 85 87 89 91 93 95 97 99 101 103 105 107 109 111 113 115 117 120 123 125 127 131 136 139 142 144 146 0
1 2 7 11 14 15 17 19 21 23 25 27 29 31 33 35 37 39 41 43 45 47 49 51 53 55 57 59 61 63 65 67 69 71 73 75 77 79 81 83 85 87 89 91 93 95 97 99 101 103 105 107 109 111 113 115 119 122 123 125 127 133 136 137 142 144 146 1
0 4 7 11 14 15 17 19 21 23 25 27 29 31 33 35 37 39 41 43 45 47 49 51 53 55 57 59 61 63 65 67 69 71 73 75 77 79 81 83 85 87 89 91 93 95 97 99 101 103 105 107 109 111 113 115 119 122 123 125 127 130 136 137 142 144 146 0
0 2 7 11 14 16 17 19 21 23 25 27 29 31 33 35 37 39 41 43 45 47 49 51 53 55 57 59 61 63 65 67 69 71 73 75 77 79 81 83 85 87 89 91 93 95 97 99 101 104 105 107 109 111 113 115 119 122 123 125 127 129 136 137 142 144 146 0
1 3 7 11 14 16 17 19 21 23 25 27 30 31 33 35 37 39 41 43 45 47 49 51 53 55 57 59 61 63 65 67 69 71 73 75 77 79 81 83 85 87 89 91 93 95 97 99 101 103 105 107 109 111 113 115 118 121 123 125 127 134 136 137 142 144 146 0
1 2 7 10 13 16 17 19 21 23 25 27 30 31 33 35 37 39 41 43 45 47 49 51 53 55 57 59 61 63 65 67 69 71 73 75 77 79 81 83 85 87 89 91 93 95 97 99 101 103 105 107 109 111 113 115 119 122 123 125 127 134 136 137 142 144 146 0
0 4 7 11 14 15 17 20 21 23 25 28 29 31 33 36 37 39 41 43 45 47 49 51 53 55 57 59 61 63 65 67 69 71 73 75 77 79 81 83 85 87 89 91 93 95 97 99 101 103 105 107 109 111 113 115 119 122 123 125 127 130 135 137 142 144 147 0
1 2 7 11 14 15 17 19 21 23 25 27 29 31 33 35 37 39 41 43 45 47 49 51 53 55 57 59 61 63 65 67 69 71 73 75 77 79 81 83 85 87 89 91 93 95 97 99 101 103 105 107 109 111 113 115 119 122 123 125 127 129 136 137 142 144 146 1
1 2 7 11 14 15 17 19 21 23 25 27 29 31 33 35 37 39 41 43 45 47 49 51 53 55 57 59 61 63 65 67 69 71 73 75 77 79 81 83 85 87 89 91 93 95 97 99 101 103 105 107 109 111 113 115 119 122 123 125 127 133 136 137 142 144 146 1
0 4 7 11 14 15 17 19 21 23 25 27 30 31 33 35 37 39 41 43 45 47 49 51 53 55 57 59 61 63 65 67 69 71 73 75 77 79 81 83 85 87 89 91 93 95 97 99 101 103 105 108 109 111 113 116 119 122 123 125 127 130 136 137 142 144 146 0
1 2 7 11 14 15 17 19 21 23 25 27 29 31 33 35 37 39 41 43 45 47 49 51 53 55 57 59 61 63 65 67 69 71 73 75 77 79 81 83 85 87 89 91 93 95 97 99 101 103 105 107 109 111 113 115 119 122 123 125 127 130 136 137 142 144 146 1
0 4 7 11 13 15 17 19 21 23 25 27 30 31 33 35 37 39 41 43 45 47 49 51 53 55 57 59 61 63 65 67 69 71 73 75 78 79 81 83 85 87 89 91 93 95 97 99 101 103 105 107 109 111 113 116 119 122 123 125 127 130 136 137 142 144 146 0
0 4 7 11 14 15 17 19 21 23 25 27 30 31 33 35 37 39 41 43 45 47 49 51 53 55 57 59 61 63 65 67 69 71 73 76 77 79 81 83 85 87 89 91 93 95 97 99 101 103 105 107 109 111 113 116 119 121 123 125 127 130 136 137 142 144 146 0
0 2 7 11 14 15 17 19 21 23 25 27 29 31 33 35 37 39 41 43 45 47 49 51 53 55 57 59 61 63 65 67 69 71 73 75 77 79 81 83 85 88 89 91 93 95 97 99 101 103 105 107 109 111 113 115 119 122 123 125 127 130 136 137 142 144 146 0
0 2 7 11 14 15 17 19 21 23 25 27 29 31 33 35 37 39 41 43 45 47 49 51 53 55 57 59 61 63 65 67 69 71 73 75 77 79 81 83 85 87 90 91 93 95 97 99 101 103 105 107 109 111 113 115 119 122 123 125 127 130 136 137 142 144 146 0
0 4 7 11 14 15 17 20 22 23 25 27 29 32 33 35 37 39 41 43 45 47 49 51 53 55 57 59 61 63 65 67 69 71 74 75 77 79 81 83 85 87 89 91 93 95 97 99 101 103 105 107 109 111 113 115 119 122 123 125 127 130 135 137 142 144 146 0
1 4 7 11 14 15 17 20 21 23 25 28 29 31 33 35 37 39 41 43 45 47 49 51 53 55 57 59 61 63 65 67 69 71 73 75 77 79 81 83 85 87 89 91 93 95 97 99 101 103 105 107 109 111 113 115 119 122 123 125 127 130 136 137 142 144 146 0
0 4 7 11 14 15 17 19 21 23 25 27 30 31 33 35 37 39 41 43 45 47 49 51 53 55 57 59 61 63 65 67 69 71 73 76 77 79 81 83 85 87 89 91 93 95 97 99 101 103 105 107 109 111 113 116 119 122 123 125 127 130 136 137 142 144 146 0
0 4 7 11 14 15 17 19 21 23 25 27 30 31 33 35 37 39 41 43 45 47 49 51 53 55 57 59 61 63 65 67 69 71 73 75 77 79 81 83 85 87 89 91 93 95 97 99 101 103 106 107 109 111 113 116 119 122 123 125 127 129 136 137 142 144 146 0
1 2 7 11 14 15 17 19 21 23 25 28 30 31 33 36 38 39 41 43 45 47 49 52 53 55 57 59 61 63 65 67 69 71 73 75 77 79 81 83 85 87 89 91 93 95 97 99 101 103 105 107 109 111 113 115 118 122 123 125 127 131 136 137 142 144 146 0
0 2 7 11 14 15 17 20 21 23 25 28 30 31 33 36 38 39 41 43 45 47 49 51 53 55 57 59 61 63 65 67 69 71 73 75 78 79 81 83 85 87 89 91 93 95 97 99 101 103 105 107 109 111 113 115 119 122 123 125 127 130 136 137 142 144 146 0
1 4 7 11 14 15 17 19 21 23 25 27 29 31 33 35 37 39 41 43 45 47 49 51 53 55 57 59 61 63 65 67 69 71 73 75 77 80 81 83 85 87 89 91 93 95 97 99 101 103 105 107 109 111 113 115 119 122 123 125 127 130 136 137 142 144 146 1
0 4 7 11 14 15 17 19 21 23 25 27 30 31 33 35 37 39 41 43 45 47 49 51 53 55 57 59 61 63 65 67 69 71 73 75 77 79 81 83 85 87 89 91 93 95 97 99 101 103 105 107 109 111 113 115 119 122 123 125 127 130 136 137 142 144 146 0
1 2 7 11 14 15 17 19 21 23 25 27 30 31 33 35 37 39 41 43 45 47 49 52 53 55 57 59 61 63 65 67 69 71 73 75 77 79 81 83 85 87 89 91 93 95 97 99 101 103 105 107 109 111 114 115 119 122 123 125 127 134 136 137 142 144 146 0
1 2 7 11 14 15 17 19 21 23 25 27 30 31 33 35 37 39 41 43 45 47 49 52 53 55 57 59 61 63 65 67 69 71 73 75 77 79 81 83 85 87 89 91 93 95 97 99 101 103 105 107 109 111 113 115 119 122 123 125 127 134 136 137 142 144 146 0
1 2 7 9 14 15 17 19 21 23 25 27 29 31 33 35 37 39 41 43 45 48 49 51 53 55 57 59 61 63 65 67 69 71 73 75 77 79 81 83 85 87 89 91 93 95 97 99 101 103 105 107 109 111 113 115 119 120 123 125 127 129 136 137 142 144 146 1
1 2 7 11 12 15 17 19 21 23 25 27 29 31 33 35 37 39 41 43 45 47 49 51 53 55 57 59 61 63 65 67 69 71 74 75 77 79 81 83 85 87 89 91 93 95 97 99 101 103 105 107 109 111 113 115 117 122 123 125 127 133 136 137 142 144 146 1
1 2 7 11 13 16 17 19 21 23 25 27 29 31 33 35 37 39 41 43 45 47 50 51 53 55 57 59 61 63 65 67 69 71 73 75 77 79 81 83 85 87 89 91 93 95 97 99 101 103 105 107 109 111 113 115 119 122 123 125 127 132 136 137 142 144 146 1
1 2 7 11 14 15 17 19 21 23 25 27 29 31 33 35 37 39 41 43 45 47 49 51 53 55 57 59 61 63 65 67 69 71 73 75 77 79 81 83 85 87 89 91 93 95 97 99 101 103 105 107 109 111 113 115 119 121 123 125 127 132 136 137 142 144 146 1
0 2 8 9 12 15 17 19 21 23 25 27 29 31 33 35 37 39 41 43 45 47 49 51 53 55 57 59 61 63 65 67 69 71 73 75 77 79 81 83 85 87 89 91 93 95 97 99 101 103 105 107 109 111 113 115 117 120 123 125 127 130 136 139 142 144 146 0
0 3 8 9 12 15 17 19 21 23 25 27 29 31 33 35 37 39 42 43 45 47 49 51 53 55 57 59 61 63 65 67 69 71 73 75 77 79 81 83 85 87 89 91 93 95 97 99 101 103 105 107 109 111 113 115 117 120 123 125 127 130 136 139 142 144 146 0
0 4 7 11 14 15 17 20 21 23 25 28 29 31 33 36 37 39 41 43 45 47 49 51 53 55 57 59 61 63 65 67 69 71 73 75 78 79 81 83 85 87 89 91 93 95 97 99 101 103 105 107 109 111 113 115 119 122 123 125 127 130 136 137 142 144 146 0
0 4 7 11 14 15 17 20 21 23 25 28 29 31 33 36 37 39 41 43 45 47 49 51 53 55 57 59 61 63 65 67 69 71 73 75 77 80 81 83 85 87 89 91 93 95 97 99 101 103 105 107 109 111 113 115 119 122 123 125 127 130 136 137 142 144 146 0
1 2 7 11 14 16 17 20 21 23 25 27 29 31 33 35 37 39 41 43 45 47 50 51 53 55 57 59 61 63 65 67 69 71 73 75 77 79 81 83 85 87 89 91 93 95 97 99 101 103 105 107 109 111 113 115 119 121 123 125 127 129 136 137 142 144 146 1
1 2 7 11 13 16 17 20 21 23 25 27 29 31 33 35 37 39 41 43 45 47 50 51 53 55 57 59 61 63 65 67 69 71 73 75 77 79 81 83 85 87 89 91 93 95 97 99 101 103 105 107 109 111 113 115 119 122 123 125 127 129 136 137 142 144 146 1
0 4 7 11 14 15 17 19 21 23 25 27 29 31 33 35 37 39 41 43 45 47 49 51 53 55 57 59 61 63 65 67 69 71 73 75 77 79 81 83 85 87 89 91 93 95 97 99 101 103 106 107 109 111 114 115 119 122 123 125 127 129 136 137 142 144 146 0
0 2 7 11 14 15 17 19 21 23 25 27 29 31 33 35 37 39 41 43 45 47 49 51 53 55 57 60 61 63 65 67 69 71 73 75 77 79 81 83 85 87 89 91 93 95 97 99 101 103 105 107 109 111 114 115 119 122 123 125 127 131 136 137 142 144 146 0
0 4 7 11 14 15 17 19 21 23 25 27 30 31 33 35 37 39 41 43 45 47 49 51 53 55 57 59 61 63 65 67 69 71 73 75 77 79 81 83 85 87 89 91 93 95 97 99 101 103 105 107 110 111 113 115 119 122 123 125 127 130 136 137 142 144 146 0
0 4 7 11 14 15 17 19 21 23 25 27 30 31 33 35 37 39 41 43 45 48 49 51 53 55 57 59 61 63 65 67 69 71 73 75 77 79 81 83 85 87 89 91 93 95 97 99 101 103 105 107 109 111 113 115 119 122 123 125 127 130 136 137 142 144 146 0
0 4 7 11 13 15 17 19 21 23 25 27 30 31 33 35 37 39 41 43 45 47 49 51 53 55 57 59 61 63 65 67 69 71 74 75 77 79 81 83 85 87 89 91 93 95 97 99 101 103 105 107 109 111 113 116 119 121 123 125 127 133 136 137 142 144 146 0
0 4 7 9 13 15 17 20 21 23 25 27 30 31 34 35 37 39 41 43 45 47 49 51 53 55 57 59 61 63 65 67 69 71 73 76 77 79 81 83 85 87 89 91 93 95 97 99 101 103 105 107 109 111 113 115 117 120 123 125 127 130 136 138 142 144 146 0
1 2 7 11 14 15 17 19 21 23 25 27 30 31 33 35 37 39 41 43 45 47 49 51 53 55 57 59 61 63 65 68 69 71 73 75 77 79 81 83 85 87 89 91 93 95 97 99 101 103 105 107 109 111 113 115 119 122 123 125 127 133 136 137 142 144 146 1
1 4 7 11 14 15 17 19 21 23 25 27 30 31 33 35 37 39 41 43 45 47 49 51 53 55 57 59 61 63 65 67 70 71 73 75 77 79 81 83 85 87 89 91 93 95 97 99 101 103 105 107 109 111 113 115 119 122 123 125 127 130 136 137 142 144 146 1
0 4 7 11 14 15 17 19 21 23 25 27 29 31 33 35 37 39 41 43 45 47 49 51 53 55 57 59 61 63 65 67 69 71 73 75 77 79 81 83 85 87 89 91 93 95 97 99 101 103 105 108 109 111 114 115 119 122 123 125 127 130 136 137 142 144 146 0
0 4 7 11 14 15 17 19 21 23 25 27 29 31 33 35 37 39 41 43 45 47 49 51 53 55 57 59 61 63 65 67 69 71 73 76 77 79 81 83 85 87 89 91 93 95 97 99 101 103 105 107 109 111 114 115 119 122 123 125 127 130 136 137 142 144 146 0
0 2 7 10 14 15 17 19 21 23 25 27 29 31 33 35 37 39 41 43 45 47 49 51 53 55 57 59 61 63 65 67 69 71 73 75 77 79 81 83 85 87 89 91 93 95 97 99 101 103 105 107 109 111 113 115 118 122 123 125 127 130 136 137 142 144 146 0
0 2 7 10 14 15 17 19 21 23 25 27 29 31 33 35 37 39 41 43 45 47 49 51 53 55 57 59 61 63 65 67 69 71 73 75 77 79 81 83 85 87 89 91 93 95 97 99 101 103 105 107 109 111 113 115 118 122 123 125 127 129 136 137 142 144 146 0
1 2 7 11 14 15 17 19 21 23 25 27 29 31 33 35 37 39 41 43 45 47 49 51 53 55 57 59 61 63 65 67 69 71 73 75 77 79 81 83 85 87 89 91 93 95 97 99 101 103 105 107 109 111 113 115 119 122 123 125 127 131 136 137 142 144 146 1
1 2 7 11 14 15 17 19 21 23 25 27 29 31 33 35 37 39 41 43 45 47 49 51 53 55 57 59 61 63 65 67 69 71 73 75 77 79 81 83 85 87 89 91 93 95 97 99 101 103 105 107 109 111 113 115 119 122 123 125 127 131 136 137 142 144 146 1
0 2 7 9 13 15 17 19 22 23 25 27 29 31 33 35 37 39 41 43 45 47 49 51 53 55 57 59 61 63 65 67 69 71 73 75 77 79 81 83 86 87 89 91 93 95 97 99 101 103 105 107 109 111 113 115 117 120 123 125 127 130 136 137 142 144 146 0
0 2 7 10 14 15 17 19 21 23 25 27 29 31 33 35 37 39 41 43 45 47 49 51 53 56 57 59 61 63 65 67 69 71 73 75 77 79 81 83 85 87 89 91 93 95 97 99 101 103 105 107 109 111 113 115 119 122 123 125 127 131 136 137 142 144 146 0
0 2 7 11 14 15 17 19 21 23 25 27 29 31 33 35 37 39 41 43 45 47 49 52 53 55 57 59 61 63 65 67 69 71 73 75 77 79 81 83 85 87 89 91 93 95 97 99 101 103 105 107 109 111 113 115 118 122 123 125 127 131 136 137 142 144 146 0
0 6 8 9 12 15 17 19 21 23 25 27 29 31 33 35 37 39 41 43 45 47 49 51 53 55 57 59 61 63 65 67 69 71 73 75 77 79 81 83 85 87 89 91 93 95 97 99 101 103 105 107 109 111 113 115 117 120 123 125 127 134 136 139 142 144 146 0
0 2 8 9 12 15 17 19 21 23 25 27 29 31 33 35 37 39 41 43 45 47 49 51 53 55 57 59 61 63 65 67 69 71 73 75 77 79 81 83 85 87 89 91 93 95 97 99 101 103 105 107 109 111 113 115 117 120 123 125 127 130 136 139 142 144 146 0
1 4 7 9 14 15 17 19 21 23 25 27 29 31 33 35 37 39 41 43 45 47 49 51 53 55 57 59 61 63 65 67 69 71 73 75 77 79 81 83 85 87 89 91 93 95 97 99 101 103 105 107 109 111 113 115 118 120 123 125 127 133 136 137 142 144 146 0
1 2 7 11 14 15 17 19 21 23 25 27 30 31 33 35 37 39 41 43 45 47 49 52 53 55 57 59 61 63 65 67 69 71 73 75 77 79 81 83 85 87 89 91 93 95 97 99 101 103 105 107 109 111 114 115 119 122 123 125 127 132 136 137 142 144 146 0
1 4 7 11 14 15 17 19 21 23 25 27 30 31 33 35 37 39 41 43 45 47 49 51 53 55 57 59 61 63 65 67 69 71 74 75 77 79 81 83 85 87 89 91 93 95 97 99 101 103 105 107 109 111 114 115 119 122 123 125 127 129 136 137 142 144 146 0
1 2 7 11 14 15 17 19 21 23 25 27 29 31 33 35 37 39 41 43 45 47 50 51 53 55 57 59 61 63 65 67 69 71 73 75 77 79 81 83 85 87 89 91 93 95 97 99 101 103 105 107 109 111 113 115 119 121 123 125 127 129 136 137 142 144 146 1
1 2 7 11 13 15 17 19 21 23 25 27 29 31 33 35 37 39 41 43 45 47 50 51 53 55 57 59 61 63 65 67 69 71 73 75 77 79 81 83 85 87 89 91 93 95 97 99 101 103 105 107 109 111 113 115 119 122 123 125 127 133 136 137 142 144 146 1
1 2 7 9 14 16 17 19 21 23 25 27 29 31 33 35 37 39 41 43 45 47 49 51 54 55 57 59 61 63 65 67 69 71 73 75 77 79 81 83 85 87 89 91 93 95 97 99 101 103 105 107 109 111 114 115 119 120 123 125 127 133 136 137 142 144 146 1
1 2 7 11 12 15 17 19 21 23 25 27 29 31 33 35 37 39 41 43 45 47 49 51 53 55 57 59 61 63 66 67 69 71 73 75 77 79 81 83 85 87 89 91 93 95 97 99 101 103 105 107 109 111 113 115 117 122 123 125 127 133 136 141 142 144 146 0
0 4 7 11 14 15 17 19 21 23 25 28 29 31 33 35 37 39 41 43 45 47 49 51 53 55 57 59 61 63 65 67 69 71 73 76 77 79 81 83 85 87 89 91 93 95 97 99 101 103 105 107 109 111 113 115 119 122 123 125 127 130 135 137 142 144 146 0
1 2 7 11 14 15 17 19 21 23 25 27 29 31 33 35 37 39 41 43 45 47 49 51 53 55 57 59 61 63 65 67 69 71 73 76 77 79 81 83 85 87 89 91 93 95 97 99 101 103 105 107 109 111 113 115 119 122 123 125 127 133 136 137 142 144 146 1
1 4 7 11 14 15 17 19 21 23 25 27 29 31 33 35 37 39 41 43 45 47 49 51 53 55 57 59 61 63 65 67 69 71 73 76 77 79 81 83 85 87 89 91 93 95 97 99 101 103 105 107 109 111 113 115 119 122 123 125 127 130 136 137 142 144 146 1
