1 5 6 8 10 12 14 17 18 20 23 25 27 30 34 36 45 49 51 53 55 57 59 61 62 64 66 0
3 5 6 8 11 13 14 17 18 20 23 25 26 30 34 36 43 49 51 53 55 57 58 60 62 64 66 0
2 4 6 8 11 13 15 16 19 21 22 24 26 28 32 35 43 49 50 52 55 57 59 61 63 65 66 0
1 4 6 8 10 13 14 17 18 20 23 24 26 29 33 37 41 49 50 53 54 56 58 60 62 64 66 0
1 4 6 8 10 12 14 16 18 20 23 24 26 30 33 37 46 49 50 52 54 56 58 60 62 64 66 1
1 4 6 8 10 12 14 17 18 20 23 24 26 29 34 36 46 49 51 53 55 57 58 60 62 64 66 0
2 4 6 8 10 12 14 16 18 20 23 24 26 29 34 36 46 48 51 53 54 56 58 60 62 64 66 0
2 4 6 8 10 12 14 17 18 20 23 25 27 30 33 38 43 49 51 53 55 57 58 60 62 64 66 0
1 4 6 8 10 12 14 17 18 20 23 25 26 29 34 36 46 49 51 53 55 57 59 60 62 64 66 0
3 4 6 8 10 12 14 17 18 20 23 25 26 29 34 38 46 49 51 53 54 56 58 60 62 64 66 0
1 5 6 8 10 12 14 17 18 20 23 24 26 30 32 37 46 48 50 52 54 56 58 60 62 64 66 1
3 4 6 8 10 12 14 16 19 20 22 24 26 30 34 36 46 47 51 53 54 56 58 60 62 64 66 1
2 4 6 8 10 13 14 17 18 20 23 25 26 30 34 38 42 49 50 53 55 57 59 61 63 64 66 0
2 4 6 8 10 12 14 16 18 20 23 24 26 29 34 37 43 47 51 53 54 56 58 60 62 64 66 1
2 5 7 9 11 13 14 17 18 20 23 24 26 30 33 37 42 49 51 53 55 57 59 61 63 65 66 1
3 5 6 8 11 12 14 17 18 20 23 25 26 30 33 37 40 48 51 53 55 57 58 60 62 64 66 1
3 4 6 8 10 12 14 17 18 20 23 25 27 29 32 38 45 49 51 53 55 57 59 61 63 65 66 0
1 4 6 8 10 12 14 17 18 20 23 25 26 29 32 36 44 49 51 53 55 57 59 61 63 64 66 0
3 4 6 8 10 12 14 17 18 20 23 25 27 29 34 36 46 49 51 53 55 57 59 61 63 64 66 0
2 5 6 8 10 13 14 16 18 20 23 24 26 29 34 37 42 47 51 53 55 56 58 60 62 64 66 1
1 4 6 8 10 12 14 17 18 20 23 25 26 29 34 38 42 49 51 53 55 57 59 61 62 64 66 0
1 5 6 8 10 12 14 17 18 20 23 25 27 30 34 36 46 48 50 53 55 57 59 60 62 64 66 1
2 5 6 8 10 13 14 17 18 20 23 24 26 30 33 37 40 48 51 53 55 57 58 60 62 64 66 1
3 4 6 8 10 12 14 17 18 20 23 24 26 29 33 37 41 49 51 52 54 56 58 60 62 64 66 0
1 4 6 8 10 13 14 17 18 20 23 25 26 29 32 36 42 49 50 53 55 57 59 61 62 64 66 0
1 5 6 8 10 13 14 17 18 20 23 25 26 30 33 37 46 49 51 53 55 57 59 60 62 64 66 0
1 4 6 8 10 12 14 16 18 20 22 24 26 28 32 36 41 47 51 53 54 56 58 60 62 64 66 1
1 5 6 8 10 12 14 17 18 20 23 25 26 29 32 36 46 49 50 53 55 57 59 61 62 64 66 0
3 5 6 8 10 12 14 17 18 20 23 24 26 29 32 37 41 48 51 53 54 56 58 60 62 64 66 1
2 4 6 8 10 13 14 17 18 20 23 25 27 29 34 38 40 49 51 53 55 57 58 60 62 64 66 0
1 4 6 8 10 13 14 16 18 20 23 24 26 29 32 36 41 47 50 52 54 56 58 60 62 64 66 0
3 4 6 8 11 13 14 17 18 20 23 25 26 30 33 38 43 49 51 53 55 57 59 60 62 64 66 0
1 5 7 8 11 13 14 17 18 20 23 25 26 29 34 37 43 47 51 53 55 57 58 60 62 64 66 1
2 5 6 8 10 12 14 17 18 20 23 24 26 30 33 37 46 48 51 53 54 56 58 60 62 64 66 1
1 5 7 8 11 13 14 16 18 20 23 24 26 29 33 37 42 48 50 53 54 56 58 60 62 64 66 1
2 5 7 9 11 13 15 16 19 20 23 24 26 29 34 36 42 49 51 53 55 57 59 61 63 65 66 0
3 4 6 8 10 13 14 17 18 20 23 25 26 30 34 36 42 49 51 53 55 57 59 60 62 64 66 0
1 4 6 8 10 13 14 17 18 20 23 25 26 30 32 36 42 49 51 53 55 57 59 61 63 64 66 0
1 5 7 8 10 13 14 16 18 20 23 24 26 30 32 37 41 48 50 52 54 56 58 60 62 64 66 1
1 5 6 8 11 13 14 16 18 20 23 25 26 30 34 37 42 49 50 52 54 56 58 60 62 64 66 1
1 4 6 8 10 12 14 16 18 20 22 24 26 28 31 35 41 47 51 53 54 56 58 60 62 64 66 1
1 4 6 8 10 12 14 17 18 20 23 24 26 29 32 35 45 47 51 53 55 56 58 60 62 64 66 0
1 5 6 8 10 13 14 17 18 20 23 24 26 30 33 37 43 49 51 53 55 56 58 60 62 64 66 1
3 4 6 8 10 13 14 17 18 20 23 25 27 30 34 36 43 49 51 53 55 56 58 60 62 64 66 0
2 5 7 8 10 13 14 16 18 20 23 24 26 30 33 37 43 48 50 53 55 56 58 60 62 64 66 1
3 5 7 8 10 13 14 17 18 20 23 24 26 29 33 37 46 49 51 53 55 56 58 60 62 64 66 1
2 5 6 8 11 13 14 17 18 20 23 25 26 30 32 37 42 48 51 53 55 56 58 60 62 64 66 1
1 5 7 8 11 13 14 17 18 20 23 25 26 30 34 37 42 49 51 53 55 57 59 61 63 64 66 1
3 5 7 8 11 13 14 17 18 20 23 25 26 30 34 37 46 48 51 53 55 57 58 60 62 64 66 1
3 5 6 8 10 12 14 17 18 20 23 24 26 29 32 38 46 47 50 53 55 56 58 60 62 64 66 0
2 4 6 8 10 12 14 17 18 20 23 25 26 29 32 36 46 47 50 52 54 56 58 60 62 64 66 1
2 4 6 8 10 12 14 17 19 20 22 24 26 29 32 36 46 49 50 53 55 57 59 61 63 65 67 0
2 5 7 8 11 13 14 16 18 20 23 25 26 30 34 37 42 48 51 53 55 57 58 60 62 64 66 1
2 4 6 8 11 13 15 16 19 21 22 24 26 28 34 36 43 49 50 53 55 57 59 60 62 64 66 0
1 5 6 8 10 12 14 17 18 20 23 25 26 30 33 37 41 48 50 53 54 56 58 60 62 64 66 1
2 4 6 8 10 12 14 17 18 20 23 24 26 29 32 37 40 47 51 53 54 56 58 60 62 64 66 1
2 5 6 8 10 13 14 17 18 20 23 25 26 29 34 37 42 48 51 53 55 56 58 60 62 64 66 1
1 4 6 8 10 12 14 17 18 20 23 25 26 30 33 37 44 49 50 53 55 57 59 60 62 64 66 1
1 4 6 8 10 12 14 16 18 20 23 24 26 30 32 36 46 47 51 52 54 56 58 60 62 64 66 1
2 5 6 8 10 13 14 17 18 20 23 24 26 29 32 36 39 49 50 52 54 56 58 60 62 64 66 1
1 5 6 8 10 13 14 17 18 20 23 24 26 30 33 37 43 49 51 53 54 56 58 60 62 64 66 1
1 5 6 8 10 13 14 17 18 20 23 24 26 29 33 37 42 48 50 53 54 56 58 60 62 64 66 1
2 5 7 9 11 13 15 17 18 20 23 25 27 30 33 38 46 49 51 53 55 57 59 61 63 65 66 0
2 5 7 8 11 13 14 17 18 20 23 25 26 29 32 37 42 47 51 53 54 56 58 60 62 64 66 1
1 4 6 8 10 12 14 17 18 20 23 24 26 29 32 36 42 47 51 52 55 56 58 60 62 64 66 1
3 5 6 8 10 13 14 16 18 20 23 24 26 29 33 37 43 48 50 53 54 56 58 60 62 64 66 1
1 5 6 8 10 12 14 17 18 20 23 25 26 30 33 37 40 48 51 52 54 56 58 60 62 64 66 1
1 5 6 8 10 12 14 17 18 20 23 24 26 29 33 37 40 49 51 53 55 56 58 60 62 64 66 1
2 4 6 8 11 12 14 17 18 20 23 24 26 30 33 37 43 49 50 52 54 56 58 60 62 64 66 1
2 4 6 8 10 13 14 16 18 20 23 25 26 29 33 37 46 49 51 53 55 56 58 60 62 64 66 0
3 5 6 8 11 13 14 17 18 20 23 25 27 30 34 37 42 48 51 53 55 56 58 60 62 64 66 1
3 5 6 8 10 12 14 17 18 20 23 24 26 29 32 36 41 48 50 52 54 56 58 60 62 64 66 1
1 4 6 8 10 12 14 17 18 20 23 24 26 29 34 36 40 47 51 53 54 56 58 60 62 64 66 1
2 5 7 9 11 13 15 17 19 21 22 24 26 28 32 36 46 47 51 53 55 57 59 60 62 64 66 0
3 5 6 8 10 13 14 17 18 20 23 25 27 30 33 37 45 49 51 53 55 57 58 60 62 64 66 0
2 5 7 8 10 13 14 16 18 20 23 25 26 29 33 37 42 49 50 53 55 56 58 60 62 64 66 1
1 4 6 8 10 12 14 17 18 20 23 24 26 29 34 38 46 48 50 53 55 56 58 60 62 64 66 0
3 5 6 8 10 13 14 16 18 20 23 24 26 30 32 37 40 48 50 52 54 56 58 60 62 64 66 1
1 5 7 8 11 13 15 17 18 20 23 25 26 30 34 38 43 49 51 53 55 57 59 61 62 64 66 0
2 4 6 8 10 12 14 17 18 20 23 24 26 29 34 38 40 49 51 52 54 56 58 60 62 64 66 0
1 5 6 8 10 13 14 17 18 20 23 24 26 29 34 38 43 49 51 53 54 56 58 60 62 64 66 1
1 4 6 8 10 13 14 17 18 20 23 24 26 29 32 36 46 48 50 53 55 56 58 60 62 64 66 0
1 5 7 8 10 12 14 17 18 20 23 24 26 29 34 37 46 48 51 53 55 56 58 60 62 64 66 1
1 4 6 8 10 12 14 16 18 20 23 24 26 29 32 37 46 48 50 53 54 56 58 60 62 64 66 1
1 5 6 8 10 12 14 16 18 20 23 24 26 30 33 37 40 48 51 53 54 56 58 60 62 64 66 1
3 4 6 8 10 12 14 17 18 20 23 25 26 29 32 38 41 48 51 52 54 56 58 60 62 64 66 0
2 5 6 8 11 13 14 16 18 20 23 24 26 29 34 37 40 47 51 53 55 57 58 60 62 64 66 1
1 5 6 8 10 13 14 17 18 20 23 25 27 30 34 38 46 49 51 53 55 57 59 61 63 65 66 0
2 5 6 8 10 13 14 17 18 20 23 24 26 29 32 38 46 49 50 53 55 57 58 60 62 64 66 0
1 5 6 8 10 13 14 17 18 20 23 24 26 30 32 36 42 48 50 52 55 56 58 60 62 64 66 1
1 5 7 8 11 13 15 17 18 20 23 25 27 29 32 36 42 49 51 53 55 57 59 61 63 64 66 0
3 5 6 8 11 13 14 16 18 20 22 24 26 30 33 37 41 49 51 53 55 57 58 60 62 64 66 1
1 4 6 8 10 12 14 17 18 20 23 24 26 29 32 36 46 48 51 53 54 56 58 60 62 64 66 0
1 4 6 8 10 12 14 17 18 20 23 25 27 30 34 38 43 49 51 53 55 57 59 61 62 64 66 0
1 4 6 8 10 12 14 17 18 20 23 25 26 29 33 37 46 49 51 53 55 57 58 60 62 64 66 0
2 4 6 8 10 13 14 17 18 20 23 25 27 29 32 36 42 49 51 53 55 57 59 61 63 65 66 0
1 4 6 8 10 12 14 17 18 20 23 24 26 29 33 37 43 49 50 52 55 56 58 60 62 64 66 0
1 5 6 8 10 13 14 17 18 20 23 25 26 30 33 38 46 49 51 53 55 56 58 60 62 64 66 0
3 4 6 8 10 13 14 17 18 20 23 25 27 29 32 38 45 49 51 53 55 56 58 60 62 64 66 0
2 5 6 8 10 13 14 16 18 20 23 24 26 30 34 36 42 47 50 52 54 56 58 60 62 64 66 1
1 4 6 8 10 13 14 17 18 20 23 24 26 29 32 38 46 47 51 53 55 56 58 60 62 64 66 0
3 5 7 9 11 13 15 17 18 20 23 25 27 30 34 38 45 49 51 53 55 57 59 61 63 65 67 0
3 5 6 8 10 13 14 16 18 20 23 25 26 30 34 37 46 49 51 53 55 56 58 60 62 64 66 1
3 5 7 8 11 13 14 17 18 20 22 24 26 29 32 35 41 47 51 53 55 56 58 60 62 64 66 0
2 4 6 8 10 13 14 17 18 20 23 24 26 29 34 37 46 48 51 53 54 56 58 60 62 64 66 0
2 4 6 8 10 12 14 17 18 20 23 24 26 29 34 36 42 49 51 53 55 57 58 60 62 64 66 0
3 5 7 8 10 12 14 17 18 20 23 24 26 29 32 37 41 48 51 53 55 56 58 60 62 64 66 1
2 5 6 8 10 12 14 16 18 20 23 24 26 29 33 37 43 47 50 52 54 56 58 60 62 64 66 1
0 4 6 8 10 13 14 17 18 20 23 24 26 29 31 35 40 47 50 52 55 56 58 60 62 64 66 0
1 5 6 8 10 13 14 17 18 20 23 25 26 30 34 36 46 49 51 53 55 56 58 60 62 64 66 0
1 5 6 8 11 13 14 16 18 20 23 24 26 29 34 36 46 49 51 53 54 56 58 60 62 64 66 1
2 4 6 8 10 12 15 16 18 20 23 24 26 29 34 37 43 48 50 53 54 56 58 60 62 64 66 1
1 5 7 8 11 13 14 17 18 20 23 25 26 30 33 37 46 49 51 53 55 56 58 60 62 64 66 1
3 4 6 8 11 12 15 17 18 20 23 25 26 29 33 38 43 49 51 53 55 57 59 61 63 65 66 0
1 5 6 8 10 12 14 17 18 20 23 24 26 30 33 37 43 48 50 53 54 56 58 60 62 64 66 1
2 5 7 8 11 13 14 17 18 20 23 24 26 30 33 38 40 48 51 52 54 56 58 60 62 64 66 1
1 5 6 8 10 12 14 16 18 20 23 24 26 29 33 37 43 48 51 53 54 56 58 60 62 64 66 1
2 5 6 8 10 12 14 16 18 20 23 24 26 29 33 37 41 49 50 52 55 56 58 60 62 64 66 1
1 5 6 8 10 12 14 17 18 20 23 24 26 30 33 37 43 49 50 53 54 56 58 60 62 64 66 1
1 5 7 9 11 13 14 16 18 20 23 24 26 29 34 37 46 48 51 53 55 57 58 60 62 64 66 1
1 4 6 8 10 12 14 17 18 20 23 25 26 29 32 36 46 49 51 53 55 57 59 61 62 64 66 0
0 4 6 8 10 12 14 16 18 20 22 24 26 28 31 35 39 47 50 52 54 56 58 60 62 64 66 0
1 5 6 8 10 12 14 16 18 20 22 24 26 29 32 37 41 47 50 52 54 56 58 60 62 64 66 1
2 5 6 8 10 12 14 17 18 20 23 24 26 30 33 37 43 48 51 52 54 56 58 60 62 64 66 1
3 5 6 8 11 13 14 17 18 20 23 25 26 30 34 37 42 49 51 53 55 56 58 60 62 64 66 1
3 5 6 8 10 12 14 16 18 20 23 25 27 30 33 37 42 48 51 52 54 56 58 60 62 64 66 1
3 4 6 8 10 13 14 17 18 20 23 25 27 30 34 37 41 49 51 53 55 57 59 61 62 64 66 0
1 4 6 8 10 12 14 16 18 20 23 24 26 30 32 37 41 48 51 52 54 56 58 60 62 64 66 0
2 4 6 8 10 12 14 16 18 20 23 24 26 29 32 36 43 47 50 53 55 56 58 60 62 64 66 0
1 5 6 8 10 12 14 17 18 20 23 24 26 29 32 37 46 49 50 53 54 56 58 60 62 64 66 1
2 5 6 8 10 12 14 17 18 20 23 24 26 29 32 36 43 47 50 52 54 56 58 60 62 64 66 1
2 4 6 8 10 12 14 16 18 20 23 24 26 30 33 37 42 49 50 53 55 56 58 60 62 64 66 1
1 4 6 8 10 12 14 16 18 20 23 24 26 29 32 36 46 47 50 52 54 56 58 60 62 64 66 1
1 4 6 8 10 13 14 17 18 20 23 25 26 30 34 36 46 49 51 53 55 57 58 60 62 64 66 0
1 4 6 8 10 12 14 16 18 20 22 24 26 29 32 37 41 47 51 53 54 56 58 60 62 64 66 1
1 5 6 8 10 12 14 16 18 20 23 24 26 30 33 37 41 49 50 53 54 56 58 60 62 64 66 1
1 5 6 8 10 13 14 16 18 20 23 24 26 29 32 37 43 48 50 53 55 56 58 60 62 64 66 1
3 5 7 9 11 13 14 17 18 20 23 25 27 30 34 38 45 49 51 53 55 57 59 61 63 64 66 0
3 5 6 8 11 13 14 17 18 20 23 24 26 30 32 37 40 49 51 53 55 57 59 60 62 64 66 1
2 5 6 8 10 13 14 17 18 20 23 25 26 30 33 37 42 49 51 53 54 56 58 60 62 64 66 1
2 5 7 8 11 12 14 17 18 20 23 24 26 29 33 37 46 49 50 53 54 56 58 60 62 64 66 1
1 4 6 8 10 12 14 17 18 20 23 25 26 30 32 37 42 49 51 53 55 56 58 60 62 64 66 0
1 5 7 8 11 13 14 17 18 20 23 25 26 30 33 37 46 49 50 53 55 56 58 60 62 64 66 1
3 4 6 8 10 12 14 17 18 20 23 25 26 30 32 36 42 48 51 53 55 56 58 60 62 64 66 1
2 4 6 8 10 13 14 17 18 20 23 25 27 30 34 36 42 49 51 53 55 57 59 61 63 64 66 0
2 5 6 8 11 13 14 17 18 20 23 24 26 29 34 37 43 48 51 53 55 57 59 60 62 64 66 0
2 5 6 8 10 12 14 17 18 20 23 25 26 29 32 38 46 49 51 53 55 57 58 60 62 64 66 0
1 4 6 8 10 12 14 16 18 20 22 24 26 29 34 37 46 48 51 53 55 56 58 60 62 64 66 1
