6 7 11 13 16 20 24 26 28 32 34 38 40 42 45 47 
4 7 11 13 17 19 24 26 28 32 34 38 40 42 45 47 
3 7 11 13 16 19 24 26 28 32 33 38 40 42 45 47 
3 7 11 13 16 19 24 26 28 32 33 38 40 42 45 47 
6 7 11 13 17 19 24 26 28 32 34 38 40 42 45 47 
5 7 11 13 18 19 24 26 28 32 33 38 40 42 45 47 
5 7 11 13 17 19 24 26 28 32 34 38 40 42 45 47 
4 7 11 13 16 19 24 26 28 32 34 38 40 42 45 47 
6 7 11 13 18 19 24 26 28 32 34 38 40 42 45 47 
4 7 11 13 17 19 24 26 28 32 34 38 40 42 45 47 
6 7 9 14 16 22 24 26 28 29 36 37 40 44 46 47 
4 7 9 13 16 22 24 26 28 29 36 37 40 44 46 47 
3 7 9 13 16 21 24 26 28 29 36 37 40 44 46 47 
6 7 9 13 18 22 24 26 28 29 36 37 40 44 46 47 
6 7 9 14 16 22 24 26 28 29 36 37 40 44 46 47 
5 7 9 14 18 22 24 26 28 29 36 37 40 44 46 47 
6 7 9 14 15 21 24 26 28 29 36 37 40 44 46 47 
4 7 9 13 17 21 24 26 28 29 36 37 40 44 46 47 
3 7 9 14 17 21 24 26 28 29 36 37 40 44 46 47 
5 7 9 14 17 21 24 26 28 29 36 37 40 44 46 47 
1 8 11 12 17 20 24 25 28 30 34 38 41 42 45 47 
1 8 11 12 16 20 24 25 28 30 34 38 40 42 45 47 
3 7 11 12 18 20 24 25 28 30 34 38 41 42 45 47 
0 8 11 12 15 20 24 25 28 30 34 38 40 42 45 47 
0 8 11 12 16 20 24 25 28 30 34 38 40 42 45 47 
1 8 11 12 18 20 24 25 28 30 34 38 40 42 45 47 
1 8 11 12 15 20 24 25 28 30 34 38 40 42 45 47 
2 8 11 12 17 20 24 25 28 30 34 38 40 42 45 47 
1 8 11 12 16 20 24 25 28 30 34 38 40 42 45 47 
2 8 11 12 16 20 24 25 28 30 34 38 40 42 45 47 
0 8 11 13 16 20 24 26 28 30 35 38 40 42 45 47 
1 8 11 13 18 20 24 26 28 31 35 37 40 42 45 48 
2 8 11 14 17 20 24 26 28 32 35 37 40 42 45 48 
1 8 11 12 17 20 24 26 28 31 35 37 40 42 45 47 
2 8 11 14 17 20 24 26 28 31 35 37 40 42 45 48 
3 8 11 13 17 20 24 26 28 32 35 37 40 42 45 48 
0 8 10 13 16 20 24 26 28 30 35 37 40 42 45 47 
3 8 11 12 17 20 24 26 28 31 35 37 40 42 45 47 
2 8 10 13 15 20 24 26 28 31 35 37 40 42 45 48 
2 8 11 12 16 20 24 26 28 30 35 37 40 42 45 47 
2 8 11 13 16 20 24 26 28 31 35 37 40 42 45 48 
1 8 11 13 16 20 24 26 28 30 35 37 40 42 45 48 
0 8 11 13 18 20 24 26 28 30 35 37 40 42 45 47 
0 8 10 13 17 20 24 26 28 31 35 38 40 42 45 47 
3 8 11 12 16 20 24 26 28 31 35 37 40 42 45 47 
2 8 11 14 18 20 24 26 28 32 35 37 40 42 45 48 
0 8 11 13 17 20 24 26 28 30 35 37 40 42 45 47 
2 8 10 14 17 20 24 26 28 31 35 37 40 42 45 48 
2 8 11 13 16 20 24 26 28 30 35 38 40 42 45 47 
0 8 11 13 18 20 24 26 28 30 35 37 40 42 45 47 
1 8 11 13 15 20 24 26 28 31 35 37 40 42 45 47 
1 8 11 13 15 20 24 26 28 30 35 37 40 42 45 48 
3 8 11 13 16 20 24 26 28 32 35 37 40 42 45 48 
2 8 11 13 16 20 24 26 28 32 35 37 40 42 45 48 
3 8 11 14 17 20 24 26 28 31 35 37 40 42 45 48 
1 8 11 13 18 20 24 26 28 30 35 38 40 42 45 47 
3 8 10 13 18 20 24 26 28 31 35 37 40 42 45 48 
2 8 11 14 16 20 24 26 28 31 35 37 40 42 45 48 
3 8 10 14 17 20 24 26 28 31 35 37 40 42 45 48 
1 8 11 14 16 20 24 26 28 30 35 37 40 42 45 48 
2 8 11 14 18 20 24 26 28 31 35 37 40 42 45 48 
3 8 10 13 15 20 24 26 28 32 35 37 40 42 45 48 
2 8 11 12 16 20 24 26 28 30 35 37 40 42 45 47 
3 8 10 13 16 20 24 26 28 32 35 37 40 42 45 48 
2 8 11 14 16 20 24 26 28 30 35 37 40 42 45 48 
1 8 11 12 15 20 24 26 28 31 35 37 40 42 45 47 
3 8 11 13 17 20 24 26 28 31 35 37 40 42 45 48 
3 8 11 13 18 20 24 26 28 32 35 37 40 42 45 48 
3 8 10 12 17 20 24 26 28 31 35 37 40 42 45 47 
3 8 11 14 17 20 24 26 28 32 35 37 40 42 45 48 
4 7 9 13 16 22 23 26 28 29 33 37 40 43 45 47 
4 7 9 13 16 22 23 26 28 29 33 37 40 43 45 47 
3 8 9 12 18 19 24 25 28 29 36 37 40 43 45 47 
5 7 9 14 16 22 23 26 28 29 33 37 40 43 45 47 
5 7 9 14 17 22 23 26 28 29 33 37 40 43 45 47 
4 7 9 13 18 21 23 26 28 29 33 37 40 43 45 47 
5 7 9 13 18 22 24 26 28 29 36 37 40 43 45 47 
6 7 10 13 17 19 24 25 28 29 36 37 40 43 45 47 
5 8 9 12 18 21 24 26 28 29 36 37 40 43 45 47 
5 8 9 13 16 22 24 26 28 29 36 37 40 43 45 47 
4 7 10 12 17 22 24 25 28 29 36 37 40 43 45 47 
4 8 9 12 18 21 24 26 28 29 36 37 40 43 45 47 
4 7 9 13 17 19 23 26 28 29 33 37 40 43 45 47 
3 8 9 12 17 19 24 26 28 29 36 37 40 43 45 47 
5 7 9 13 18 21 23 26 28 29 33 37 40 43 45 47 
4 7 9 13 18 22 23 26 28 29 33 37 40 43 45 47 
4 7 9 13 18 21 23 26 28 29 33 37 40 43 45 47 
4 7 9 13 16 21 23 26 28 29 33 37 40 43 45 47 
4 7 9 13 16 21 23 26 28 29 33 37 40 43 45 47 
3 7 9 13 18 21 23 26 28 29 33 37 40 43 45 47 
5 7 9 13 18 22 23 26 27 29 33 37 40 42 45 47 
6 7 10 12 15 19 23 26 27 29 33 37 40 42 45 47 
1 8 9 13 18 22 23 26 27 29 33 37 40 42 45 47 
6 8 10 12 17 21 23 26 27 29 33 37 40 42 45 47 
4 8 10 12 17 21 23 26 27 29 33 37 40 42 45 47 
6 7 9 13 16 20 23 26 27 29 33 37 40 42 45 47 
2 8 10 12 17 21 23 26 27 29 33 37 40 42 45 47 
6 8 9 13 16 20 23 26 27 29 33 37 40 42 45 47 
5 8 9 13 16 20 23 26 27 29 33 37 40 42 45 47 
1 8 9 13 16 20 23 26 27 29 33 37 40 42 45 47 
6 7 11 12 17 20 23 26 27 29 33 37 40 42 45 47 
2 7 11 13 16 20 23 26 27 29 33 37 40 42 45 47 
1 7 11 13 18 21 23 26 27 29 33 37 40 42 45 47 
4 8 11 14 17 21 23 26 27 29 33 37 40 42 45 47 
1 7 11 12 15 19 23 26 27 29 33 37 40 42 45 47 
2 8 11 12 18 19 23 26 27 29 33 37 40 42 45 47 
2 8 11 13 17 19 23 26 27 29 33 37 40 42 45 47 
4 8 11 14 17 20 23 26 27 29 33 37 40 42 45 47 
4 8 11 12 16 21 23 26 27 29 33 37 40 42 45 47 
5 8 11 13 18 21 23 26 27 29 33 37 40 42 45 47 
1 8 11 14 18 22 24 26 27 29 33 37 40 42 45 47 
2 7 11 13 17 22 23 26 27 29 33 37 40 42 45 47 
2 7 11 13 17 22 23 26 27 29 33 37 40 42 45 47 
2 7 11 13 16 19 23 26 27 29 33 37 40 42 45 47 
1 8 11 14 18 22 24 26 27 29 33 37 40 42 45 47 
1 8 11 13 17 22 23 26 27 29 33 37 40 42 45 47 
0 8 11 14 18 22 23 26 27 29 33 37 40 42 45 47 
2 7 11 13 17 22 23 26 27 29 33 37 40 42 45 47 
1 7 11 13 17 22 23 26 27 29 33 37 40 42 45 47 
2 8 11 13 18 22 23 26 27 29 33 37 40 42 45 47 
5 7 11 13 17 21 23 26 28 32 34 37 40 42 45 47 
1 8 11 13 18 22 23 26 27 29 33 37 40 42 45 47 
1 7 11 13 18 22 23 26 27 29 33 37 40 42 45 47 
4 7 11 13 16 22 23 26 28 32 34 37 40 42 45 47 
1 7 11 13 17 22 23 26 27 29 33 37 40 42 45 47 
4 8 11 13 18 22 23 26 28 32 34 37 40 42 45 47 
2 7 11 13 18 22 23 26 27 29 33 37 40 42 45 47 
0 8 10 13 17 21 24 26 27 29 33 37 40 42 45 47 
1 8 10 13 17 19 23 26 27 29 33 37 40 42 45 47 
1 8 11 13 16 19 23 26 27 29 33 37 40 42 45 47 
1 7 11 13 16 22 23 26 28 32 34 37 40 42 45 47 
2 7 11 13 18 22 23 26 27 29 33 37 40 42 45 47 
3 7 11 13 17 22 23 26 28 29 36 38 40 42 45 47 
2 8 11 14 18 20 24 26 27 29 33 37 40 42 45 47 
1 7 11 13 17 22 23 26 27 29 33 37 40 42 45 47 
1 8 11 13 17 22 23 26 27 29 33 37 40 42 45 47 
5 7 11 13 16 22 23 26 28 32 34 37 40 42 45 47 
4 8 10 13 17 21 23 26 28 32 34 37 40 42 45 47 
3 8 11 13 16 22 23 26 28 32 34 37 40 42 45 47 
1 7 11 13 18 22 23 26 27 29 33 37 40 42 45 47 
4 7 11 13 17 22 23 26 28 29 36 38 40 42 45 47 
2 8 11 13 17 22 23 26 27 29 33 37 40 42 45 47 
2 8 10 13 15 19 23 26 27 29 33 37 40 42 45 47 
3 8 11 13 18 20 23 26 28 32 34 37 40 42 45 47 
3 7 11 13 18 22 23 26 28 29 36 38 40 42 45 47 
2 7 11 13 17 21 23 26 28 32 34 37 40 42 45 47 
3 7 11 13 18 20 23 26 27 29 33 37 40 42 45 47 
3 8 11 13 18 20 23 26 28 32 34 37 40 42 45 47 
2 8 11 13 18 22 23 26 27 29 33 37 40 42 45 47 
5 8 11 13 18 22 23 26 28 29 36 38 40 42 45 47 
5 7 11 13 18 22 23 26 27 29 33 37 40 42 45 47 
4 7 11 14 17 22 23 26 27 29 33 37 40 42 45 47 
2 7 10 13 15 19 23 26 27 29 33 37 40 42 45 47 
3 7 10 13 16 21 23 26 27 29 33 37 40 42 45 47 
3 7 10 13 18 21 23 26 27 29 33 37 40 42 45 47 
3 7 11 13 17 20 23 26 27 29 33 37 40 42 45 47 
3 7 10 13 16 19 23 26 27 29 33 37 40 42 45 47 
4 7 11 13 15 22 23 26 27 29 33 37 40 42 45 47 
2 7 10 13 18 20 23 26 27 29 33 37 40 42 45 47 
4 8 11 14 17 20 23 26 27 29 33 37 40 42 45 47 
2 8 10 14 17 21 23 26 27 29 33 37 40 42 45 49 
3 7 11 12 17 22 24 26 27 29 33 37 40 42 45 47 
2 7 10 12 15 19 23 26 27 29 33 37 40 42 45 47 
4 8 11 13 18 19 23 26 27 29 33 37 40 42 45 48 
3 7 11 13 16 20 23 26 27 29 33 37 40 42 45 48 
3 8 10 12 17 19 23 26 27 29 33 37 40 42 45 48 
3 7 10 13 17 22 24 26 27 29 33 37 40 42 45 47 
3 8 11 13 15 21 23 26 27 29 33 37 40 42 45 48 
4 7 10 13 16 22 23 26 27 29 33 37 40 42 45 47 
5 8 10 13 17 19 23 26 27 29 33 37 40 42 45 48 
6 7 11 12 17 21 23 25 28 29 36 37 40 42 45 47 
6 7 11 12 17 21 23 26 28 29 36 37 40 42 45 47 
4 7 11 13 16 20 23 25 27 29 36 37 40 42 45 47 
4 7 11 13 15 19 23 26 27 29 36 37 40 42 45 47 
4 7 11 12 15 19 23 26 27 29 36 37 40 42 45 47 
6 7 11 14 17 21 23 26 28 29 36 37 40 42 45 47 
3 7 11 12 15 19 23 25 27 29 36 37 40 42 45 47 
3 7 11 13 18 22 23 25 27 29 36 37 40 42 45 47 
5 7 11 13 16 20 23 26 28 29 36 37 40 42 45 47 
4 7 11 13 15 19 23 25 28 29 36 37 40 42 45 47 
5 8 11 13 18 22 23 25 28 32 35 37 40 42 45 47 
5 8 11 14 17 21 23 26 28 32 34 38 40 42 45 47 
6 7 11 13 16 20 23 25 28 32 35 37 40 42 45 47 
2 8 11 14 15 19 24 26 28 31 34 38 40 42 45 47 
3 7 11 13 18 22 24 26 28 32 35 38 40 42 45 47 
4 8 11 14 17 21 24 26 28 32 34 38 40 42 45 47 
6 7 11 13 17 21 23 25 28 32 35 37 40 42 45 47 
1 7 11 13 16 20 24 26 28 31 35 38 40 42 45 47 
6 8 11 13 17 21 23 25 28 32 35 37 40 42 45 47 
5 7 11 13 16 20 24 26 28 32 35 38 40 42 45 47 
5 8 11 14 18 22 24 26 28 32 35 38 40 42 45 47 
0 7 11 13 18 22 24 26 28 31 35 38 40 42 45 47 
6 7 11 13 17 21 24 26 28 32 34 38 40 42 45 47 
5 8 11 13 16 20 23 25 28 32 35 37 40 42 45 47 
5 7 11 13 17 21 23 25 28 32 35 37 40 42 45 47 
6 8 11 14 15 19 23 26 28 32 34 38 40 42 45 47 
5 7 11 13 16 20 23 25 28 32 35 37 40 42 45 47 
6 8 11 14 18 22 23 26 28 32 35 38 40 42 45 47 
5 8 11 13 18 22 23 25 28 32 35 37 40 42 45 47 
5 8 11 13 17 21 23 25 28 32 35 37 40 42 45 47 
3 8 10 13 15 21 23 26 27 29 33 37 40 42 45 47 
3 7 9 13 15 21 23 26 27 29 33 37 40 42 45 47 
3 8 10 13 15 19 23 26 27 29 33 37 40 42 45 47 
3 7 9 13 17 19 23 26 27 29 33 37 40 42 45 47 
3 8 10 14 18 21 23 26 27 29 33 37 40 42 45 47 
2 7 9 13 15 22 23 26 27 29 33 37 40 42 45 47 
1 7 9 14 18 21 23 26 27 29 33 37 40 42 45 47 
2 8 10 13 17 21 23 26 27 29 33 37 40 42 45 47 
2 7 9 14 18 19 24 26 27 29 33 37 40 42 45 47 
2 8 10 14 18 22 23 26 27 29 33 37 40 42 45 47 
4 8 11 13 16 20 23 26 27 29 33 37 40 42 45 47 
4 7 10 13 18 22 23 26 27 29 33 37 40 42 45 47 
3 7 11 13 15 19 23 26 27 29 33 37 40 42 45 47 
6 7 11 14 18 22 23 26 27 29 33 37 40 42 45 47 
6 7 10 13 17 21 23 26 27 29 33 37 40 42 45 47 
5 7 11 14 18 22 23 26 27 29 33 37 40 42 45 47 
6 7 10 13 18 22 23 26 27 29 33 37 40 42 45 47 
5 8 11 14 18 20 23 26 27 29 33 37 40 42 45 47 
6 7 11 14 18 22 23 26 27 29 33 37 40 42 45 47 
6 7 11 14 18 21 23 26 27 29 33 37 40 42 45 47 
5 7 11 14 17 22 23 26 27 29 33 37 40 42 45 47 
4 8 11 13 18 19 23 26 27 29 33 37 40 42 45 47 
6 7 11 13 16 20 23 26 27 29 33 37 40 42 45 47 
5 7 11 14 17 21 23 26 27 29 33 37 40 42 45 47 
5 8 11 13 15 19 23 26 27 29 33 37 40 42 45 47 
4 7 11 13 17 21 23 26 27 29 33 37 40 42 45 47 
4 7 11 13 16 20 23 26 27 29 33 37 40 42 45 47 
5 7 11 13 17 20 23 26 27 29 33 37 40 42 45 47 
6 7 11 14 18 21 23 26 27 29 33 37 40 42 45 47 
6 8 11 14 16 20 23 26 27 29 33 37 40 42 45 47 
5 8 11 14 18 20 23 26 27 29 33 37 40 42 45 47 
5 8 11 14 18 22 23 26 27 29 33 37 40 42 45 47 
4 8 11 13 17 20 23 26 27 29 33 37 40 42 45 47 
6 8 10 14 17 21 23 26 27 29 33 37 40 42 45 47 
4 8 11 13 16 21 23 26 27 29 33 37 40 42 45 47 
6 8 11 14 17 20 23 26 27 29 33 37 40 42 45 47 
4 8 11 13 15 22 23 26 27 29 33 37 40 42 45 47 
4 7 11 14 18 22 23 26 27 29 33 37 40 42 45 47 
5 7 11 14 17 22 23 26 27 29 33 37 40 42 45 47 
3 7 11 13 15 19 23 26 27 29 33 37 40 42 45 47 
5 7 11 13 16 21 23 26 27 29 33 37 40 42 45 47 
5 7 11 14 16 20 23 26 27 29 33 37 40 42 45 47 
4 7 11 14 16 20 23 26 27 29 33 37 40 42 45 47 
5 8 11 13 18 22 23 26 27 29 33 37 40 42 45 47 
6 7 11 13 17 20 23 26 27 29 33 37 40 42 45 47 
5 7 11 13 15 22 23 26 27 29 33 37 40 42 45 47 
6 7 11 13 15 22 23 26 27 29 33 37 40 42 45 47 
5 8 11 14 17 20 23 26 27 29 33 37 40 42 45 47 
5 7 11 13 18 19 23 26 27 29 33 37 40 42 45 47 
6 7 11 13 16 21 23 26 27 29 33 37 40 42 45 47 
6 7 10 14 18 22 23 26 28 32 35 38 40 42 45 47 
4 7 10 14 16 20 23 26 27 29 33 37 40 42 45 47 
5 7 10 13 17 20 23 26 28 32 34 38 40 42 45 47 
5 8 11 13 18 21 23 26 27 29 33 37 40 42 45 47 
6 8 11 14 18 22 23 26 28 32 35 38 40 42 45 47 
4 7 10 13 18 22 23 26 27 29 33 37 40 42 45 47 
3 7 11 13 17 22 23 26 28 32 35 38 40 42 45 47 
5 7 11 14 17 21 23 26 28 32 35 38 40 42 45 47 
5 7 11 13 16 20 23 26 27 29 33 37 40 42 45 47 
5 7 11 14 17 22 23 26 28 32 35 38 40 42 45 47 
5 7 11 13 15 20 23 26 28 32 35 38 40 42 45 47 
4 7 11 13 17 22 23 26 27 29 33 37 40 42 45 47 
4 7 11 14 16 20 23 26 28 32 35 38 40 42 45 47 
4 7 11 13 17 20 23 26 28 32 34 38 40 42 45 47 
3 8 11 13 18 21 23 26 28 32 35 38 40 42 45 47 
5 7 11 13 18 19 23 26 28 32 34 38 40 42 45 47 
5 7 11 14 16 20 23 26 28 32 35 38 40 42 45 47 
4 7 11 14 16 21 23 26 28 32 35 38 40 42 45 47 
5 7 11 14 17 20 23 26 28 32 35 38 40 42 45 47 
5 7 11 13 18 19 23 26 28 32 34 38 40 42 45 47 
3 7 11 13 16 21 23 26 27 29 33 37 40 42 45 47 
6 7 10 14 18 22 23 26 28 32 35 37 40 42 45 47 
5 7 10 13 16 22 23 26 28 32 33 37 40 42 45 47 
5 7 11 13 18 21 23 26 28 32 34 38 40 42 45 47 
5 8 11 13 18 22 23 26 27 29 33 37 40 42 45 47 
3 8 11 13 18 19 23 26 27 29 33 37 40 42 45 47 
6 8 11 14 18 20 23 26 28 32 35 38 40 42 45 47 
4 7 11 13 16 21 23 26 27 29 33 37 40 42 45 47 
4 7 11 14 16 19 23 26 28 32 35 38 40 42 45 47 
6 8 11 14 18 19 23 26 28 32 35 38 40 42 45 47 
5 8 11 14 18 22 23 26 28 32 35 38 40 42 45 47 
4 7 11 13 15 20 23 26 27 29 33 37 40 42 45 47 
4 7 11 13 17 22 23 26 28 32 34 38 40 42 45 47 
4 8 10 14 16 20 24 26 27 29 33 37 40 42 45 47 
4 7 11 13 17 19 23 26 27 29 33 37 40 42 45 47 
5 8 11 13 16 21 23 26 27 29 33 37 40 42 45 47 
4 7 11 14 16 22 23 26 28 32 35 38 40 42 45 47 
5 7 11 13 16 21 23 26 28 32 35 38 40 42 45 47 
5 7 11 14 17 19 23 26 28 32 35 38 40 42 45 47 
5 8 11 13 17 22 23 26 28 32 35 38 40 42 45 47 
6 7 11 13 16 19 24 26 28 32 34 38 40 42 45 47 
3 7 11 13 17 19 24 26 28 32 33 38 40 42 45 47 
4 7 11 13 18 19 24 26 28 32 34 38 40 42 45 47 
5 7 11 13 16 19 24 26 28 32 33 38 40 42 45 47 
3 7 11 13 18 19 24 26 28 32 33 38 40 42 45 47 
5 7 11 13 17 19 24 26 28 32 33 38 40 42 45 47 
5 7 11 13 18 20 24 26 28 32 33 38 40 42 45 47 
3 7 11 13 17 20 24 26 28 32 33 38 40 42 45 47 
4 7 11 13 18 19 24 26 28 32 33 38 40 42 45 47 
6 7 11 13 18 19 24 26 28 32 34 38 40 42 45 47 
4 7 9 13 17 22 24 26 28 29 36 37 40 44 46 47 
5 7 9 14 18 21 24 26 28 29 36 37 40 44 46 47 
4 7 9 14 18 22 24 26 28 29 36 37 40 44 46 47 
5 7 9 14 15 21 24 26 28 29 36 37 40 44 46 47 
5 7 9 14 17 21 24 26 28 29 36 37 40 44 46 47 
3 7 9 14 15 21 24 26 28 29 36 37 40 44 46 47 
4 7 9 14 16 22 24 26 28 29 36 37 40 44 46 47 
5 7 9 14 17 21 24 26 28 29 36 37 40 44 46 47 
6 7 9 14 18 22 24 26 28 29 36 37 40 44 46 47 
6 7 9 14 18 22 24 26 28 29 36 37 40 44 46 47 
0 8 11 12 15 20 24 25 28 30 34 38 40 42 45 48 
0 8 11 12 18 20 24 25 28 30 34 38 40 42 45 47 
0 8 11 12 17 20 24 25 28 30 34 38 40 42 45 47 
2 8 11 12 15 20 24 25 28 30 34 38 40 42 45 47 
1 8 11 12 17 20 24 25 28 30 34 38 40 42 45 47 
2 8 11 12 18 20 24 25 28 30 34 38 40 42 45 47 
2 8 11 12 17 20 24 25 28 30 34 38 41 42 45 47 
4 7 11 12 15 20 24 26 28 30 34 38 41 42 45 47 
0 8 11 12 16 20 24 25 28 30 34 38 41 42 45 47 
2 8 11 12 18 20 24 25 28 30 34 38 41 42 45 47 
2 8 10 12 18 20 24 26 28 30 35 37 40 42 45 47 
1 8 11 12 18 20 24 26 28 31 35 37 40 42 45 47 
2 8 11 13 18 20 24 26 28 31 35 38 40 42 45 47 
1 8 11 13 17 22 24 26 28 31 35 38 40 42 45 47 
3 8 10 13 17 20 24 26 28 32 35 37 40 42 45 48 
3 8 10 13 18 20 24 26 28 31 35 37 40 42 45 48 
0 8 11 14 18 20 24 26 28 32 35 37 40 42 45 48 
1 8 11 13 17 20 24 26 28 30 35 37 40 42 45 48 
1 8 11 13 15 20 24 26 28 29 35 39 40 42 45 48 
4 8 10 14 18 20 24 26 28 32 35 37 40 42 45 48 
1 8 11 14 17 20 24 26 28 30 35 39 40 42 45 48 
2 8 11 13 18 20 24 26 28 30 35 37 40 42 45 48 
3 8 11 14 17 20 24 26 28 32 35 37 40 42 45 48 
4 8 10 13 18 20 24 26 28 32 35 37 40 42 45 48 
1 8 11 13 17 20 24 26 28 30 35 39 40 42 45 48 
1 8 11 13 18 20 24 26 28 32 35 39 40 42 45 48 
1 8 11 14 16 20 24 26 28 32 35 39 40 42 45 48 
2 8 10 14 17 20 24 26 28 30 35 39 40 42 45 48 
3 8 10 13 18 20 24 26 28 31 35 37 40 42 45 48 
3 8 10 13 16 20 24 26 28 32 35 37 40 42 45 48 
1 8 11 14 16 20 24 26 28 29 35 39 40 42 45 48 
2 8 11 14 17 20 24 26 28 31 35 37 40 42 45 48 
3 8 10 13 18 20 24 26 28 32 35 37 40 42 45 48 
4 8 10 13 17 20 24 26 28 32 35 37 40 42 45 48 
1 8 11 14 18 20 24 26 28 29 35 39 40 42 45 48 
2 8 11 14 17 20 24 26 28 31 35 37 40 42 45 48 
3 8 10 13 18 20 24 26 28 32 35 37 40 42 45 48 
4 8 10 13 17 20 24 26 28 32 35 37 40 42 45 48 
1 8 11 14 18 20 24 26 28 29 35 39 40 42 45 48 
2 8 11 14 17 20 24 26 28 31 35 37 40 42 45 48 
3 8 10 13 18 20 24 26 28 32 35 37 40 42 45 48 
1 8 11 14 17 20 24 26 28 29 35 39 40 42 45 48 
2 8 11 13 18 20 24 26 28 31 35 37 40 42 45 48 
3 8 11 13 16 20 24 26 28 32 35 37 40 42 45 48 
1 8 11 14 17 20 24 26 28 29 35 39 40 42 45 48 
2 8 11 14 18 20 24 26 28 31 35 37 40 42 45 48 
3 8 10 13 17 20 24 26 28 32 35 37 40 42 45 48 
4 8 10 13 18 20 24 26 28 32 35 37 40 42 45 48 
1 8 11 13 17 20 24 26 28 31 35 39 40 42 45 48 
2 8 11 13 18 20 24 26 28 32 35 37 40 42 45 48 
3 8 10 13 16 20 24 26 28 32 35 37 40 42 45 48 
4 8 10 13 16 20 24 26 28 32 35 37 40 42 45 48 
1 8 11 14 17 20 24 26 28 31 35 39 40 42 45 48 
2 8 11 14 18 20 24 26 28 32 35 37 40 42 45 48 
3 8 10 13 17 20 24 26 28 32 35 37 40 42 45 48 
2 8 10 13 18 20 24 26 28 32 35 37 40 42 45 48 
3 8 10 13 17 20 24 26 28 32 35 37 40 42 45 48 
3 8 10 13 18 20 24 26 28 32 35 37 40 42 45 48 
3 7 9 12 16 19 24 26 28 29 36 37 40 43 45 47 
4 7 10 12 17 21 24 25 28 29 36 37 40 43 45 47 
3 7 9 12 18 21 24 26 28 29 36 37 40 43 45 47 
5 7 9 13 18 19 24 26 28 29 36 37 40 43 45 47 
6 7 9 13 17 20 24 26 28 29 36 37 40 43 45 47 
4 7 10 12 18 21 24 25 28 29 36 37 40 43 45 47 
5 7 9 14 17 22 23 26 28 29 33 37 40 43 45 47 
5 7 9 13 16 19 23 26 28 29 33 37 40 43 45 47 
4 7 9 13 18 21 23 26 28 29 33 37 40 43 45 47 
5 7 9 13 17 22 23 26 28 29 33 37 40 43 45 47 
5 7 9 13 17 21 23 26 28 29 33 37 40 43 45 47 
3 8 10 12 17 19 24 25 28 29 36 37 40 43 45 47 
5 8 10 13 17 22 24 25 28 29 36 37 40 43 45 47 
4 8 9 12 17 21 24 26 28 29 36 37 40 43 45 47 
5 8 10 12 18 22 24 25 28 29 36 37 40 43 45 47 
4 8 10 12 18 20 24 25 28 29 36 37 40 43 45 47 
6 8 10 13 18 22 24 25 28 29 36 37 40 43 45 47 
3 7 9 13 17 21 23 26 28 29 33 37 40 43 45 47 
5 7 9 14 18 19 23 26 28 29 33 37 40 43 45 47 
3 7 9 13 17 21 23 26 28 29 33 37 40 43 45 47 
4 7 9 13 16 22 23 26 28 29 33 37 40 43 45 47 
5 7 9 14 17 19 23 26 28 29 33 37 40 43 45 47 
4 7 9 13 16 19 23 26 28 29 33 37 40 43 45 47 
5 7 9 14 18 21 23 26 28 29 33 37 40 43 45 47 
1 7 9 12 15 19 23 26 27 29 33 37 40 42 45 47 
2 7 10 13 16 20 23 26 27 29 33 37 40 42 45 47 
3 7 11 12 17 21 23 26 27 29 33 37 40 42 45 47 
4 7 9 13 18 22 23 26 27 29 33 37 40 42 45 47 
5 7 10 12 15 19 23 26 27 29 33 37 40 42 45 47 
4 7 10 12 17 21 23 26 27 29 33 37 40 42 45 47 
3 8 9 13 18 22 23 26 27 29 33 37 40 42 45 47 
4 8 10 12 15 19 23 26 27 29 33 37 40 42 45 47 
2 8 10 12 15 19 23 26 27 29 33 37 40 42 45 47 
5 8 9 13 18 22 23 26 27 29 33 37 40 42 45 47 
3 7 11 12 17 21 23 26 27 29 33 37 40 42 45 47 
4 7 11 13 18 22 23 26 27 29 33 37 40 42 45 47 
5 7 11 13 16 19 23 26 27 29 33 37 40 42 45 47 
2 7 11 12 15 22 23 26 27 29 33 37 40 42 45 47 
3 7 11 13 16 19 23 26 27 29 33 37 40 42 45 47 
6 8 11 12 16 22 23 26 27 29 33 37 40 42 45 47 
3 8 11 14 18 20 23 26 27 29 33 37 40 42 45 47 
5 8 11 13 17 22 23 26 27 29 33 37 40 42 45 47 
3 8 11 13 16 20 23 26 27 29 33 37 40 42 45 47 
5 8 11 12 18 22 23 26 27 29 33 37 40 42 45 47 
1 8 11 13 18 21 23 26 28 32 34 37 40 42 45 47 
2 7 11 13 16 20 23 26 27 29 33 37 40 42 45 47 
3 7 11 13 17 22 23 26 27 29 33 37 40 42 45 47 
2 8 11 13 18 22 23 26 27 29 33 37 40 42 45 47 
2 7 11 13 17 21 23 26 28 32 34 37 40 42 45 47 
5 7 11 13 17 22 23 26 28 29 36 38 40 42 45 47 
2 7 11 13 18 22 23 26 27 29 33 37 40 42 45 47 
1 7 11 13 17 22 23 26 27 29 33 37 40 42 45 47 
2 8 10 13 17 21 24 26 27 29 33 37 40 42 45 47 
3 8 11 14 16 20 23 26 28 32 34 37 40 42 45 47 
0 7 10 13 15 19 23 26 27 29 33 37 40 42 45 47 
1 7 11 14 16 20 24 26 27 29 33 37 40 42 45 47 
2 7 10 13 17 21 23 26 27 29 33 37 40 42 45 47 
3 7 11 14 18 22 24 26 28 32 34 37 40 42 45 47 
4 7 10 13 16 19 23 26 28 32 34 37 40 42 45 47 
0 7 11 14 17 20 24 26 27 29 33 37 40 42 45 47 
1 7 10 13 18 21 23 26 27 29 33 37 40 42 45 47 
2 7 11 14 16 22 23 26 27 29 33 37 40 42 45 47 
0 7 10 13 17 19 24 26 27 29 33 37 40 42 45 47 
1 8 11 14 18 20 23 26 27 29 33 37 40 42 45 47 
1 7 11 13 16 20 23 26 27 29 33 37 40 42 45 47 
2 7 11 13 17 21 23 26 27 29 33 37 40 42 45 47 
3 8 11 13 18 22 23 26 28 32 34 37 40 42 45 47 
4 7 11 13 17 20 23 26 28 32 34 37 40 42 45 47 
5 7 11 13 18 21 23 26 28 32 34 37 40 42 45 47 
1 8 11 13 17 22 23 26 27 29 33 37 40 42 45 47 
2 7 11 13 18 22 23 26 27 29 33 37 40 42 45 47 
3 7 11 13 17 22 23 26 28 32 34 37 40 42 45 47 
1 8 11 13 18 22 23 26 27 29 33 37 40 42 45 47 
2 7 11 13 16 20 23 26 27 29 33 37 40 42 45 47 
3 7 11 13 17 21 23 26 28 32 34 37 40 42 45 47 
1 8 11 13 18 22 23 26 27 29 33 37 40 42 45 47 
2 7 11 13 17 22 23 26 27 29 33 37 40 42 45 47 
3 7 11 13 18 22 23 26 28 32 34 37 40 42 45 47 
1 8 11 13 17 20 23 26 27 29 33 37 40 42 45 47 
2 7 11 13 18 21 23 26 27 29 33 37 40 42 45 47 
3 7 11 13 17 22 23 26 28 32 34 37 40 42 45 47 
4 8 11 13 18 20 23 26 28 32 34 37 40 42 45 47 
5 7 11 13 16 21 23 26 28 32 34 37 40 42 45 47 
1 7 11 13 17 22 23 26 27 29 33 37 40 42 45 47 
2 8 11 13 18 22 23 26 27 29 33 37 40 42 45 47 
3 7 11 13 17 20 23 26 28 32 34 37 40 42 45 47 
4 7 11 13 18 22 23 26 28 32 34 37 40 42 45 47 
5 8 11 13 18 22 23 26 28 32 34 37 40 42 45 47 
1 7 11 13 16 20 23 26 27 29 33 37 40 42 45 47 
2 7 11 13 17 21 23 26 27 29 33 37 40 42 45 47 
3 8 11 13 18 22 23 26 28 32 34 37 40 42 45 47 
1 7 11 13 16 20 23 26 28 32 34 37 40 42 45 47 
2 7 11 13 17 21 23 26 28 32 34 37 40 42 45 47 
3 8 11 13 18 22 23 26 28 32 34 37 40 42 45 47 
1 7 11 13 16 22 23 26 28 32 34 37 40 42 45 47 
2 7 11 13 17 21 23 26 28 32 34 37 40 42 45 47 
3 7 11 13 16 20 23 26 27 29 33 37 40 42 45 47 
4 8 10 13 17 21 23 26 27 29 33 37 40 42 45 47 
2 8 10 13 16 19 23 26 27 29 33 37 40 42 45 47 
4 7 10 14 18 21 23 26 27 29 33 37 40 42 45 47 
5 8 11 13 16 22 24 26 27 29 33 37 40 42 45 47 
3 7 10 13 17 19 24 26 27 29 33 37 40 42 45 47 
4 7 11 13 18 20 23 26 27 29 33 37 40 42 45 47 
3 7 11 13 16 21 24 26 27 29 33 37 40 42 45 47 
4 8 10 13 17 22 23 26 27 29 33 37 40 42 45 47 
5 7 11 13 18 19 24 26 27 29 33 37 40 42 45 47 
3 7 10 12 18 22 23 26 27 29 33 37 40 42 45 47 
1 8 10 13 16 19 23 26 27 29 33 37 40 42 45 48 
2 7 10 14 17 20 23 26 27 29 33 37 40 42 45 47 
3 8 10 13 18 21 23 26 27 29 33 37 40 42 45 48 
2 7 11 13 18 20 23 26 27 29 33 37 40 42 45 47 
2 7 11 13 16 22 23 26 27 29 33 37 40 42 45 47 
1 7 10 13 18 20 23 26 27 29 33 37 40 42 45 47 
2 8 11 14 16 21 23 26 27 29 33 37 40 42 45 48 
5 7 10 14 15 20 24 26 27 29 33 37 40 42 45 47 
2 8 11 12 16 21 23 26 27 29 33 37 40 42 45 48 
5 7 11 14 17 21 23 26 27 29 36 37 40 42 45 47 
6 7 11 12 18 22 23 26 28 29 36 37 40 42 45 47 
5 7 11 14 16 20 23 26 27 29 36 37 40 42 45 47 
4 7 11 14 15 19 23 26 27 29 36 37 40 42 45 47 
5 7 11 12 16 20 23 26 28 29 36 37 40 42 45 47 
6 7 11 13 17 21 23 25 28 29 36 37 40 42 45 47 
3 7 11 14 18 22 23 25 27 29 36 37 40 42 45 47 
3 7 11 12 18 22 23 25 27 29 36 37 40 42 45 47 
5 7 11 14 16 20 23 25 27 29 36 37 40 42 45 47 
6 7 11 13 18 22 23 26 28 29 36 37 40 42 45 47 
0 7 11 13 15 19 23 26 28 31 34 38 40 42 45 47 
2 7 11 13 17 21 24 26 28 32 34 38 40 42 45 47 
4 7 11 13 15 19 23 26 28 32 34 38 40 42 45 47 
1 7 11 13 15 19 24 26 28 31 34 38 40 42 45 47 
4 8 11 14 16 20 23 26 28 32 35 38 40 42 45 47 
6 7 11 13 18 22 23 25 28 32 35 37 40 42 45 47 
6 8 11 13 16 20 23 25 28 32 35 37 40 42 45 47 
6 8 11 13 18 22 23 25 28 32 35 37 40 42 45 47 
5 8 11 13 17 21 23 25 28 32 35 37 40 42 45 47 
5 7 11 13 18 22 23 25 28 32 35 37 40 42 45 47 
4 7 11 13 17 21 23 25 28 32 35 37 40 42 45 47 
3 8 11 14 16 20 24 26 28 32 35 38 40 42 45 47 
4 8 11 14 16 20 24 26 28 32 35 38 40 42 45 47 
5 8 11 14 17 21 23 26 28 32 34 38 40 42 45 47 
6 8 11 14 18 22 23 26 28 32 35 38 40 42 45 47 
4 7 11 13 16 20 23 25 28 32 35 37 40 42 45 47 
5 8 11 13 17 21 23 25 28 32 35 37 40 42 45 47 
6 7 11 13 18 22 23 25 28 32 35 37 40 42 45 47 
4 8 11 13 16 20 23 25 28 32 35 37 40 42 45 47 
5 7 11 13 17 21 23 25 28 32 35 37 40 42 45 47 
6 8 11 13 18 22 23 25 28 32 35 37 40 42 45 47 
5 7 11 13 18 22 23 25 28 32 35 37 40 42 45 47 
5 8 11 13 16 20 23 25 28 32 35 37 40 42 45 47 
5 7 11 13 16 20 23 25 28 32 35 37 40 42 45 47 
1 7 9 13 15 19 23 26 27 29 33 37 40 42 45 47 
3 7 9 13 17 22 24 26 27 29 33 37 40 42 45 47 
1 8 10 13 17 22 23 26 27 29 33 37 40 42 45 47 
2 8 10 13 17 19 23 26 27 29 33 37 40 42 45 47 
2 7 9 14 16 21 23 26 27 29 33 37 40 42 45 47 
2 7 9 14 16 22 23 26 27 29 33 37 40 42 45 47 
3 8 10 14 16 19 24 26 27 29 33 37 40 42 45 47 
4 8 10 14 16 21 24 26 27 29 33 37 40 42 45 47 
2 8 10 14 18 19 23 26 27 29 33 37 40 42 45 47 
4 8 10 14 16 22 23 26 27 29 33 37 40 42 45 47 
6 7 11 14 17 21 23 26 27 29 33 37 40 42 45 47 
5 7 11 14 17 21 23 26 27 29 33 37 40 42 45 47 
6 8 11 14 17 22 23 26 27 29 33 37 40 42 45 47 
5 8 11 13 17 21 23 26 27 29 33 37 40 42 45 47 
6 7 11 13 18 22 23 26 27 29 33 37 40 42 45 47 
5 7 11 13 17 21 23 26 27 29 33 37 40 42 45 47 
6 7 11 13 18 22 23 26 27 29 33 37 40 42 45 47 
5 7 11 13 18 19 23 26 27 29 33 37 40 42 45 47 
5 8 11 13 15 19 23 26 27 29 33 37 40 42 45 47 
5 8 11 13 16 20 23 26 27 29 33 37 40 42 45 47 
4 7 11 13 15 19 23 26 27 29 33 37 40 42 45 47 
6 8 10 14 16 20 23 26 27 29 33 37 40 42 45 47 
4 8 11 13 17 21 23 26 27 29 33 37 40 42 45 47 
6 7 10 13 15 19 23 26 27 29 33 37 40 42 45 47 
5 7 11 13 17 21 23 26 27 29 33 37 40 42 45 47 
6 7 10 14 18 22 23 26 27 29 33 37 40 42 45 47 
4 8 11 14 15 19 23 26 27 29 33 37 40 42 45 47 
5 8 10 14 15 19 23 26 27 29 33 37 40 42 45 47 
6 7 11 13 16 20 23 26 27 29 33 37 40 42 45 47 
5 8 10 14 17 21 23 26 27 29 33 37 40 42 45 47 
4 7 11 13 16 19 23 26 27 29 33 37 40 42 45 47 
5 7 11 14 17 20 23 26 27 29 33 37 40 42 45 47 
6 8 11 14 18 21 23 26 27 29 33 37 40 42 45 47 
5 7 11 14 16 22 23 26 27 29 33 37 40 42 45 47 
5 7 11 14 17 19 23 26 27 29 33 37 40 42 45 47 
5 8 11 14 18 20 23 26 27 29 33 37 40 42 45 47 
5 7 11 14 17 22 23 26 27 29 33 37 40 42 45 47 
5 8 11 14 18 19 23 26 27 29 33 37 40 42 45 47 
5 7 11 14 16 20 23 26 27 29 33 37 40 42 45 47 
4 7 11 13 17 21 23 26 27 29 33 37 40 42 45 47 
5 8 11 14 18 22 23 26 27 29 33 37 40 42 45 47 
6 7 11 14 16 19 23 26 27 29 33 37 40 42 45 47 
3 7 11 13 17 20 23 26 27 29 33 37 40 42 45 47 
4 8 11 13 18 21 23 26 27 29 33 37 40 42 45 47 
5 7 11 14 16 22 23 26 27 29 33 37 40 42 45 47 
6 7 11 14 17 19 23 26 27 29 33 37 40 42 45 47 
4 8 11 13 18 20 23 26 27 29 33 37 40 42 45 47 
4 7 11 13 16 21 23 26 27 29 33 37 40 42 45 47 
5 7 11 14 17 22 23 26 27 29 33 37 40 42 45 47 
5 8 11 14 18 19 23 26 27 29 33 37 40 42 45 47 
5 7 11 14 16 20 23 26 27 29 33 37 40 42 45 47 
6 7 11 14 17 21 23 26 27 29 33 37 40 42 45 47 
6 8 11 14 18 22 23 26 27 29 33 37 40 42 45 47 
5 7 11 14 16 19 23 26 27 29 33 37 40 42 45 47 
6 7 11 14 17 20 23 26 27 29 33 37 40 42 45 47 
5 8 11 14 18 21 23 26 27 29 33 37 40 42 45 47 
6 7 11 14 18 22 23 26 27 29 33 37 40 42 45 47 
5 7 11 14 18 20 23 26 27 29 33 37 40 42 45 47 
6 8 11 14 18 21 23 26 27 29 33 37 40 42 45 47 
5 7 11 14 17 20 23 26 27 29 33 37 40 42 45 47 
6 7 11 14 17 21 23 26 27 29 33 37 40 42 45 47 
4 8 11 13 18 19 23 26 28 32 35 38 40 42 45 47 
4 7 11 13 17 21 23 26 28 32 35 38 40 42 45 47 
3 7 11 13 16 19 23 26 27 29 33 37 40 42 45 47 
4 7 11 13 16 22 23 26 27 29 33 37 40 42 45 47 
4 8 11 13 18 20 23 26 27 29 33 37 40 42 45 47 
4 8 11 13 17 20 23 26 28 32 35 38 40 42 45 47 
4 8 11 13 18 19 23 26 27 29 33 37 40 42 45 47 
4 7 10 13 18 20 23 26 27 29 33 37 40 42 45 47 
6 7 10 13 17 22 23 26 27 29 33 37 40 42 45 47 
5 7 10 13 15 20 23 26 28 32 33 38 40 42 45 47 
3 7 11 13 15 19 23 26 27 29 33 37 40 42 45 47 
5 7 11 13 17 21 23 26 28 32 34 37 40 42 45 47 
3 8 11 13 15 19 24 26 27 31 34 38 40 42 45 47 
5 7 11 13 17 21 23 26 28 32 34 38 40 42 45 47 
4 7 11 14 16 19 23 26 27 29 33 37 40 42 45 47 
4 7 11 14 18 21 23 26 27 29 33 37 40 42 45 47 
3 8 11 14 17 19 24 26 27 29 33 37 40 42 45 47 
4 8 11 14 18 19 24 26 27 32 34 38 40 42 45 47 
3 7 11 14 17 21 23 26 27 29 33 37 40 42 45 47 
3 7 11 13 16 19 23 26 28 32 35 38 40 42 45 47 
4 7 11 14 17 20 23 26 28 32 35 38 40 42 45 47 
5 8 11 13 18 21 23 26 28 32 35 38 40 42 45 47 
6 7 11 14 16 22 23 26 28 32 35 38 40 42 45 47 
4 7 11 13 17 19 23 26 28 32 35 38 40 42 45 47 
5 8 11 14 18 20 23 26 28 32 35 38 40 42 45 47 
6 7 11 13 16 21 23 26 28 32 35 38 40 42 45 47 
4 7 11 14 17 22 23 26 28 32 35 38 40 42 45 47 
5 8 11 13 18 19 23 26 28 32 35 38 40 42 45 47 
6 7 11 14 16 20 23 26 28 32 35 38 40 42 45 47 
4 7 11 13 17 21 23 26 28 32 35 38 40 42 45 47 
5 8 11 14 18 22 23 26 28 32 35 38 40 42 45 47 
6 7 11 13 16 19 23 26 28 32 35 38 40 42 45 47 
3 7 11 14 17 20 23 26 28 32 35 38 40 42 45 47 
4 8 11 13 18 21 23 26 28 32 35 38 40 42 45 47 
5 7 11 14 16 22 23 26 28 32 35 38 40 42 45 47 
6 7 11 14 17 19 23 26 28 32 35 38 40 42 45 47 
3 8 11 13 18 20 23 26 28 32 35 38 40 42 45 47 
4 7 11 13 16 21 23 26 28 32 35 38 40 42 45 47 
5 7 11 13 17 22 23 26 28 32 35 38 40 42 45 47 
6 8 11 14 18 19 23 26 28 32 35 38 40 42 45 47 
3 7 11 13 16 20 23 26 28 32 35 38 40 42 45 47 
4 7 11 13 17 21 23 26 28 32 35 38 40 42 45 47 
5 8 11 14 18 22 23 26 28 32 35 38 40 42 45 47 
4 7 11 13 16 19 23 26 28 32 35 38 40 42 45 47 
5 7 11 14 17 20 23 26 28 32 35 38 40 42 45 47 
6 8 11 13 18 21 23 26 28 32 35 38 40 42 45 47 
4 7 11 14 16 22 23 26 28 32 35 38 40 42 45 47 
5 7 11 13 17 19 23 26 28 32 35 38 40 42 45 47 
6 8 11 14 18 20 23 26 28 32 35 38 40 42 45 47 
4 7 11 13 16 21 23 26 28 32 35 38 40 42 45 47 
5 7 11 14 17 22 23 26 28 32 35 38 40 42 45 47 
