0 4 6 10 13 16 18 21 24 28 32 34 37 40 42 46 
0 4 6 10 13 16 18 21 24 27 30 34 37 40 42 47 
2 4 7 11 13 16 18 21 24 27 31 33 37 40 42 45 
0 4 7 9 14 16 18 21 24 27 31 33 37 39 42 46 
1 4 7 9 13 16 18 21 24 27 31 35 37 40 43 46 
0 4 7 9 13 16 18 21 24 27 30 33 37 40 43 46 
0 4 6 10 13 16 18 21 24 27 30 33 38 40 43 46 
0 4 6 10 13 16 18 21 24 27 30 33 37 40 44 46 
0 4 6 10 13 16 18 21 24 27 30 34 37 40 42 46 
1 4 7 9 12 15 19 22 25 27 30 33 36 39 44 47 
0 4 6 10 13 15 18 21 24 27 32 35 37 40 42 45 
0 4 6 10 13 16 18 21 24 27 31 35 37 40 44 47 
0 4 7 9 12 15 19 22 25 27 30 33 37 39 44 47 
1 4 7 9 12 16 19 22 26 28 31 35 36 39 43 47 
0 4 6 10 13 16 18 21 24 27 30 34 38 41 42 47 
0 4 6 10 13 16 18 21 24 28 30 34 37 41 42 47 
1 3 7 9 12 16 18 22 26 28 31 34 38 39 42 46 
1 5 7 9 12 15 19 22 25 27 30 33 37 39 43 46 
0 4 6 10 13 16 18 21 24 27 30 35 37 40 42 45 
1 4 7 9 12 15 19 22 25 27 31 33 36 39 43 46 
1 4 7 9 12 17 19 22 24 27 31 33 36 39 43 46 
1 4 7 9 12 15 19 22 25 27 30 33 38 41 43 46 
1 5 7 9 12 15 19 22 25 27 30 35 36 39 43 46 
1 4 7 9 12 15 19 22 25 27 30 33 36 39 43 46 
1 3 7 9 12 15 19 22 25 27 30 33 36 39 43 47 
1 3 7 9 12 15 19 22 25 28 30 33 36 39 43 46 
1 3 7 9 12 15 19 22 25 27 31 33 36 39 43 46 
1 4 7 9 12 15 19 22 25 27 31 33 36 39 43 46 
1 3 6 10 13 15 19 22 25 27 30 34 37 40 42 46 
1 4 7 9 12 15 19 22 25 27 31 33 36 39 43 46 
0 4 6 10 13 16 18 21 24 27 30 34 37 40 42 45 
1 4 7 9 12 15 19 22 25 27 31 33 36 39 43 47 
1 4 7 9 12 15 19 22 25 28 30 33 37 39 43 46 
0 4 6 10 13 16 18 21 24 27 30 34 37 40 42 46 
1 4 7 9 12 15 19 22 25 27 30 33 36 39 43 46 
0 4 6 10 13 16 18 21 24 27 30 34 37 40 42 45 
1 5 6 10 13 16 18 21 24 28 30 34 38 40 42 46 
1 4 6 10 13 16 18 21 24 27 30 33 37 40 42 46 
0 4 6 10 13 16 18 21 24 28 30 34 37 40 42 45 
1 3 7 9 12 15 19 22 25 28 31 33 37 39 43 46 
1 4 7 9 12 15 19 22 25 27 32 33 36 39 42 47 
1 4 7 9 12 15 19 22 25 27 30 33 36 39 43 47 
1 3 7 9 12 15 19 22 25 27 30 33 36 39 42 46 
1 3 7 9 12 15 19 22 25 27 30 33 36 39 43 46 
1 4 7 9 12 15 19 22 25 27 31 33 36 39 42 47 
1 4 7 9 12 15 19 22 26 27 31 33 36 39 43 47 
1 4 7 9 12 15 19 22 25 27 30 33 36 39 42 46 
1 3 7 9 12 15 19 22 26 27 30 33 36 39 42 47 
1 4 7 9 12 15 19 22 24 27 30 33 36 40 42 46 
0 5 6 10 13 16 18 21 24 27 30 34 37 40 42 45 
1 4 7 9 12 15 19 22 25 27 31 33 36 39 43 46 
0 4 6 10 13 16 18 23 24 27 30 34 37 40 42 46 
1 4 7 9 12 15 19 22 25 27 30 33 36 39 44 47 
1 4 6 10 13 16 18 21 24 28 30 34 37 40 42 45 
1 4 7 9 12 16 20 22 24 27 31 34 36 40 42 47 
0 4 6 10 13 16 18 21 24 28 31 34 37 40 42 45 
0 4 6 10 13 16 18 21 24 28 31 34 37 40 42 46 
0 4 6 10 13 16 18 21 24 28 30 34 37 40 42 46 
0 4 6 10 13 16 18 21 24 28 30 34 37 40 42 46 
0 4 6 10 13 16 18 21 24 28 30 34 37 40 42 47 
1 4 7 9 12 17 19 22 25 28 30 33 36 39 43 47 
0 4 6 10 13 16 18 21 24 27 30 34 37 40 42 45 
1 4 7 9 12 15 19 22 25 27 30 33 36 39 42 47 
1 4 7 9 12 15 19 22 25 27 31 33 36 39 42 46 
1 4 7 9 12 15 19 22 25 27 31 35 36 39 42 46 
1 4 6 10 13 16 19 21 24 27 30 34 37 40 42 46 
0 4 6 10 13 16 19 21 24 27 31 34 37 40 42 46 
0 4 6 10 13 16 18 21 24 28 30 34 37 40 42 45 
1 5 7 9 12 15 19 22 25 27 30 33 37 39 43 46 
1 4 7 9 12 15 19 22 25 27 30 33 36 39 43 46 
1 3 7 9 12 15 19 22 25 27 30 33 37 39 43 47 
1 4 7 10 12 15 19 22 25 28 31 33 36 40 42 46 
1 4 7 9 12 15 19 22 25 27 31 33 36 39 43 47 
1 3 7 10 13 15 19 21 25 28 30 33 37 40 42 46 
1 3 7 9 12 16 19 22 25 28 31 33 36 40 43 46 
0 4 7 10 13 16 18 21 24 28 31 33 37 40 42 45 
0 4 7 9 13 16 18 21 24 28 31 34 37 40 42 47 
0 4 7 10 13 16 18 22 25 28 31 34 37 40 42 46 
1 4 7 9 13 16 18 21 24 28 31 33 37 40 42 46 
0 3 6 10 13 15 18 21 24 28 30 34 37 40 42 45 
1 3 7 9 12 16 19 22 25 28 30 34 36 40 42 47 
1 3 7 9 12 15 19 22 26 28 31 34 36 40 42 46 
0 3 6 10 13 16 18 21 24 28 30 34 37 40 42 46 
0 3 6 10 13 16 18 21 24 27 30 34 37 40 42 45 
0 5 6 10 13 16 18 21 24 28 30 34 37 40 42 45 
0 3 7 9 13 16 18 21 24 28 31 34 37 40 42 46 
0 3 6 10 13 16 18 21 24 28 30 34 37 40 42 45 
0 3 6 10 13 16 18 21 24 27 30 34 37 40 42 45 
0 4 7 9 13 16 19 21 25 28 31 33 37 40 42 46 
0 3 6 10 13 16 18 21 24 28 30 35 37 40 42 47 
1 3 7 9 12 15 19 22 25 28 30 33 36 39 43 46 
1 3 7 9 12 15 19 22 25 28 31 33 36 39 43 46 
1 4 7 9 12 15 19 22 24 28 31 33 36 41 43 46 
1 3 7 9 12 15 19 21 25 28 31 33 36 39 43 46 
1 3 7 9 13 16 18 21 24 27 30 33 36 39 42 46 
1 3 7 9 13 16 18 23 26 27 31 35 38 41 43 46 
0 3 8 9 13 16 18 21 24 27 31 34 37 40 42 46 
1 3 6 9 13 16 19 21 24 28 31 33 36 40 42 46 
1 4 7 9 12 16 19 22 25 28 30 33 36 39 42 46 
0 3 6 10 13 16 18 21 24 28 32 34 37 40 42 45 
1 3 6 9 13 16 18 21 24 27 31 34 36 40 42 46 
1 3 7 9 13 16 19 21 24 27 31 33 36 40 42 46 
1 3 7 9 13 16 19 21 26 27 31 33 37 40 43 47 
1 3 6 9 13 16 20 21 26 27 30 33 36 40 44 45 
2 5 8 11 12 16 19 22 25 28 32 33 37 40 42 47 
1 4 7 9 12 15 18 22 25 27 31 33 36 39 43 46 
0 4 6 10 13 16 18 21 24 27 30 34 37 40 42 46 
0 5 8 11 14 17 20 23 26 29 32 35 38 40 44 47 
1 5 7 9 12 15 19 22 25 27 30 33 36 39 43 47 
1 5 7 9 12 15 19 22 25 27 30 33 36 39 43 47 
0 3 7 9 12 15 19 22 25 28 30 33 36 39 43 46 
0 5 6 10 13 16 18 21 24 28 30 34 37 40 42 46 
0 5 7 9 12 16 19 22 24 28 30 33 36 39 43 47 
0 5 6 10 13 16 18 21 24 28 30 34 37 40 42 45 
1 5 7 9 12 15 19 22 25 27 30 33 36 39 43 47 
0 5 7 9 14 17 19 22 25 28 32 35 36 39 43 46 
1 3 7 9 12 15 19 22 25 27 31 33 36 39 43 46 
1 4 7 10 13 15 19 21 24 27 30 34 37 40 42 46 
0 4 7 9 12 15 18 22 25 28 31 33 36 39 43 46 
0 3 6 10 13 16 18 21 24 27 30 34 37 40 42 45 
0 5 8 10 13 16 18 21 24 28 30 34 37 40 44 46 
0 5 6 10 13 16 18 21 24 28 30 34 37 40 42 46 
0 3 6 10 13 16 18 21 24 28 30 34 36 40 42 46 
1 5 6 10 13 16 18 22 24 27 30 34 37 40 42 46 
0 5 7 9 12 15 19 22 25 27 30 33 36 39 43 46 
0 5 6 10 13 16 18 21 24 28 30 34 37 40 42 46 
0 5 6 10 13 16 18 21 24 27 30 34 37 40 42 45 
0 5 7 9 12 15 19 22 25 28 31 33 36 40 43 46 
0 5 7 9 12 16 18 22 24 28 31 33 36 39 43 46 
2 5 7 9 12 15 19 22 26 27 32 35 38 41 44 47 
1 5 7 9 14 17 19 22 25 27 30 33 36 39 43 47 
0 3 7 9 12 16 18 22 25 28 30 33 36 40 42 46 
0 3 6 10 13 16 18 21 24 28 30 34 37 40 42 47 
0 3 6 10 13 16 18 21 24 28 30 34 37 40 42 46 
0 3 6 10 13 16 18 21 24 27 30 34 37 40 42 47 
0 3 6 10 13 16 18 21 24 28 30 34 37 40 42 45 
0 4 6 10 13 16 18 21 24 28 31 34 37 39 42 46 
0 5 7 9 12 16 19 22 25 28 30 33 36 40 43 46 
0 3 7 9 12 16 19 22 25 28 30 33 36 40 42 46 
1 3 7 9 12 16 19 22 25 27 30 33 36 39 43 46 
0 3 6 10 12 15 19 22 25 28 30 33 37 40 42 46 
0 3 6 10 13 16 19 22 25 28 30 34 37 40 44 46 
0 3 6 10 13 16 19 22 25 28 30 34 37 40 42 46 
2 4 6 9 12 15 19 22 25 28 31 33 36 40 43 46 
0 5 6 9 12 16 19 22 25 28 30 33 36 40 42 47 
0 3 7 9 12 16 19 22 25 28 30 33 36 40 44 46 
0 4 6 10 13 16 18 21 24 27 30 34 37 40 42 46 
0 3 6 9 12 15 19 22 25 28 30 34 37 40 43 46 
0 4 6 10 13 16 18 21 24 28 31 34 37 40 42 46 
0 3 7 9 12 15 19 22 25 28 30 33 37 39 43 46 
1 4 6 10 13 16 18 21 24 28 30 34 37 40 42 46
1 4 8 10 13 16 18 21 25 27 31 35 37 40 42 45 
0 4 7 9 12 16 18 22 25 28 31 33 37 39 43 46 
0 3 7 9 12 16 19 22 25 28 31 33 37 40 42 46 
0 4 6 10 13 16 18 21 24 27 30 34 37 40 42 45 
1 4 6 10 13 16 18 23 24 27 31 34 37 40 42 45 
1 4 6 10 13 16 19 21 24 27 30 34 37 40 42 45 
0 4 7 9 12 16 18 22 25 27 31 33 38 41 44 47 
0 4 6 10 13 16 18 21 24 28 30 34 37 40 42 45 
0 4 7 9 14 16 19 22 25 28 31 33 36 41 42 47 
0 4 6 9 13 16 18 21 24 27 30 34 37 40 43 46 
0 3 6 9 13 16 19 21 24 27 30 34 37 40 42 46 
0 4 7 9 13 16 19 21 24 27 31 34 37 40 42 46 
0 4 6 10 13 16 19 21 24 27 30 34 37 40 42 46 
1 4 6 9 13 16 18 21 24 28 31 34 37 40 42 47 
0 4 7 9 12 16 19 22 25 28 31 33 37 39 43 47 
1 3 7 10 13 16 19 22 24 28 30 34 36 40 43 46 
1 3 7 10 13 16 19 22 24 28 31 34 36 40 43 46 
0 3 7 10 13 16 18 21 25 27 30 33 37 40 43 47 
1 3 7 9 12 15 19 22 25 28 31 33 36 40 42 46 
1 3 7 9 12 15 20 22 25 29 30 33 36 39 43 47 
0 5 6 10 13 16 18 21 24 28 30 34 37 40 42 46 
0 4 7 9 12 15 19 22 25 28 30 33 38 39 43 46 
0 3 6 9 13 16 18 21 24 28 31 34 37 40 42 46 
1 5 7 9 12 15 19 22 25 27 30 33 36 39 43 47 
0 4 7 9 12 15 19 22 25 28 30 33 36 39 43 46 
0 3 7 10 12 15 19 22 25 28 30 33 36 40 43 46 
0 3 7 9 12 15 19 22 25 28 31 35 36 39 43 46 
2 3 7 9 12 15 19 22 25 28 31 35 36 39 43 47 
1 3 7 9 12 15 19 22 25 28 30 33 36 39 43 46 
2 5 7 9 12 15 19 22 25 29 32 33 36 39 44 47 
0 3 7 9 12 15 19 22 25 28 31 33 36 39 43 46 
1 5 7 9 12 15 19 22 25 27 30 33 36 39 43 46 
2 5 8 11 14 17 20 23 25 29 32 35 38 41 44 47 
0 3 7 9 12 15 19 22 25 28 31 33 36 39 43 46 
1 3 7 9 12 15 19 22 25 28 30 35 36 39 43 46 
0 4 7 9 12 15 19 22 25 28 31 33 36 39 43 46 
1 3 7 9 12 15 19 22 25 27 30 33 36 39 43 47 
1 5 6 10 13 16 19 22 24 27 30 34 38 40 44 47 
1 3 7 9 12 15 19 22 25 27 30 33 36 39 43 46 
0 5 6 10 13 16 18 21 24 27 30 34 37 40 42 47 
0 4 6 10 13 16 18 23 24 28 30 34 37 40 42 47 
0 3 6 9 12 16 19 22 25 27 31 33 36 40 43 46 
0 3 7 9 12 15 19 22 25 27 30 33 36 39 43 46 
0 3 7 9 12 16 19 23 25 28 31 33 36 39 43 46 
0 3 6 10 13 16 18 21 24 27 30 34 37 40 42 47 
0 3 7 9 12 16 19 22 25 27 31 34 36 40 43 47 
0 5 7 10 13 16 18 21 24 28 30 33 36 40 42 46 
0 3 7 9 12 15 19 22 25 28 31 33 38 39 43 47 
1 4 6 9 12 15 19 22 26 27 31 33 36 39 43 47 
0 3 7 9 12 15 19 22 25 27 30 33 36 40 43 46 
1 4 7 9 12 15 19 22 25 27 30 33 36 39 43 46 
1 3 7 9 12 16 19 22 25 28 31 33 36 39 43 46 
1 3 7 9 12 15 19 22 25 28 30 33 36 39 43 46 
0 3 7 10 13 16 19 21 24 27 30 34 37 40 42 46 
0 3 7 9 12 16 19 22 25 28 30 34 36 39 42 46 
0 3 6 10 13 16 18 21 24 28 30 34 36 40 42 46 
1 5 6 10 13 16 19 21 24 28 30 34 37 40 42 46 
0 3 7 9 12 15 19 22 25 27 30 35 36 39 43 46 
1 4 7 9 12 15 19 22 25 28 31 33 36 39 42 46 
0 3 7 9 12 16 19 22 25 27 30 33 36 39 43 46 
0 4 6 10 13 16 18 21 24 28 30 34 37 40 42 46 
0 3 7 9 12 15 19 22 25 27 31 33 36 39 43 46 
0 4 7 9 12 16 18 22 25 27 31 33 37 39 43 46 
1 4 6 10 13 16 18 21 24 28 30 34 37 40 42 46 
0 4 7 10 13 16 18 21 24 28 31 34 37 40 43 47 
1 4 7 9 13 16 18 21 26 28 30 33 36 40 43 47 
0 4 6 10 13 16 18 21 24 28 30 34 37 40 42 45 
1 5 7 9 12 15 19 22 25 27 32 33 36 39 43 47 
0 4 7 9 12 15 18 22 25 27 31 33 36 40 43 46 
0 3 7 9 12 15 19 22 25 27 30 33 36 39 43 47 
0 4 7 9 13 16 18 21 24 27 31 33 36 39 43 47 
1 3 7 9 12 15 19 22 25 27 31 33 36 39 43 47 
0 3 6 10 13 15 18 21 24 27 30 34 37 40 42 46 
0 4 6 10 13 16 18 21 24 28 30 35 37 40 42 45 
0 5 6 10 13 16 18 21 24 27 30 34 37 40 42 46 
0 3 7 9 12 16 19 22 25 27 31 33 36 40 43 46 
1 3 7 9 12 15 19 22 25 27 30 33 36 39 44 46 
0 4 6 10 13 16 18 21 24 27 30 34 37 41 42 46 
0 4 7 10 13 16 19 21 25 28 30 34 37 40 42 46 
0 4 6 10 13 16 18 21 24 27 30 34 37 40 42 46 
0 4 6 10 13 16 18 21 25 28 30 34 37 40 42 46 
0 4 7 9 12 15 19 22 24 27 31 33 36 39 43 47 
0 4 6 10 13 16 18 21 24 28 30 34 37 40 42 46 
0 3 7 9 12 16 19 22 25 28 30 34 36 40 43 47 
0 3 6 10 13 16 18 21 24 28 30 34 36 40 42 46 
0 3 7 9 12 15 19 22 25 27 30 33 36 39 43 46 
1 3 7 9 12 16 19 22 24 27 30 34 37 39 42 46 
1 4 7 9 12 15 19 22 26 28 30 33 36 39 43 47 
0 3 6 10 13 16 19 21 24 28 30 33 36 40 43 46 
0 3 6 10 12 16 19 23 25 27 30 34 37 40 42 46 
1 3 7 9 12 15 19 22 25 28 31 33 36 40 43 46 
0 3 6 9 13 16 19 21 24 27 30 35 36 40 43 46 
0 4 7 9 12 15 19 22 26 28 30 33 37 39 43 46 
1 3 7 9 12 15 18 22 25 28 30 33 36 39 43 46 
1 3 7 9 12 15 19 22 25 28 31 33 36 39 43 46 
0 3 7 9 13 15 19 22 25 27 30 33 36 40 44 46 
0 4 6 10 13 16 20 21 24 27 30 35 37 40 42 45 
2 5 8 11 14 17 20 23 26 29 32 35 38 41 44 47 
1 3 7 9 12 15 19 22 26 27 31 33 36 39 43 46 
0 4 6 10 13 16 18 21 24 27 30 34 37 40 42 45 
0 4 6 10 13 16 18 21 24 27 30 34 37 40 42 45 
1 4 7 9 12 16 19 22 25 27 30 33 36 39 43 46 
0 4 6 10 13 16 18 21 24 27 30 34 37 40 42 46
1 3 7 9 12 15 19 22 25 28 30 33 36 39 42 46 
1 3 7 9 12 15 19 22 25 28 30 33 36 40 43 46 
0 3 6 10 13 15 18 21 24 27 30 34 36 40 42 45 
0 3 6 10 13 15 18 21 24 27 30 34 36 40 44 46 
0 3 7 9 12 15 19 22 25 27 31 33 36 39 43 46 
1 3 7 9 12 15 19 22 25 27 30 33 36 39 42 46 
1 3 7 9 12 15 19 22 25 28 30 33 36 39 42 46 
1 3 7 9 12 17 19 22 25 27 32 35 36 41 44 47 
1 3 7 9 12 15 19 22 25 28 30 33 38 39 43 46 
1 3 7 9 12 15 19 22 25 27 30 33 36 39 43 47 
1 3 7 9 12 15 19 22 25 27 30 33 36 39 43 47 
1 3 7 9 12 15 19 22 25 28 30 33 36 39 42 46 
0 3 6 10 13 16 18 21 24 28 30 34 36 40 42 46 
1 3 6 9 12 15 19 22 25 28 30 33 36 40 42 46 
1 3 7 9 12 15 19 22 25 27 30 33 36 39 43 47 
1 3 7 9 12 15 19 22 25 27 30 33 36 39 42 46 
1 4 7 9 12 15 19 22 25 27 30 33 36 39 43 46 
0 4 7 9 12 16 19 22 25 27 32 33 36 39 42 46 
1 3 7 9 12 15 19 22 25 28 30 33 36 39 43 47 
0 3 6 10 13 15 19 22 24 28 30 34 37 40 44 46 
1 3 6 10 13 15 19 21 24 28 30 33 36 40 43 46 
0 3 7 9 13 16 18 21 24 27 32 33 37 40 42 45 
0 3 6 10 13 16 18 21 24 27 30 34 37 40 43 45 
0 3 7 10 13 16 19 22 24 28 30 33 36 40 42 46 
0 3 6 10 13 16 18 21 24 27 30 34 37 40 42 46 
0 3 6 10 13 16 18 21 24 28 30 34 37 40 42 45 
0 3 7 9 12 15 19 22 25 28 30 33 36 40 42 46 
1 3 7 10 13 16 19 22 24 27 30 33 36 40 42 47 
1 3 6 10 13 16 18 21 24 28 30 35 37 40 42 45 
0 3 6 10 13 16 18 21 24 27 30 34 37 40 42 46 
0 3 7 9 12 16 19 22 25 28 31 33 36 39 44 46 
0 3 7 9 12 16 19 22 25 28 31 33 36 39 43 46 
0 3 7 9 12 16 20 22 26 28 31 34 36 40 43 47 
1 4 7 11 12 16 19 22 25 27 31 33 37 39 44 46 
1 4 7 9 13 16 18 22 24 28 31 33 37 40 43 46 
1 4 7 9 13 16 18 22 24 28 31 33 37 40 42 47 
1 3 7 9 14 16 20 22 25 28 30 33 37 40 42 46 
1 3 7 9 12 16 19 22 25 28 30 35 36 40 42 46 
1 3 7 9 12 16 19 22 24 28 31 33 37 40 43 46 
1 4 7 9 12 16 19 22 25 28 31 33 37 40 43 46 
0 4 7 9 12 16 19 22 24 28 31 33 37 40 42 47 
0 4 6 10 13 16 20 23 24 28 30 34 38 41 44 47 
0 3 7 10 13 16 18 21 24 28 30 34 37 40 43 46 
1 4 7 9 12 16 19 22 25 28 30 33 38 39 43 47 
0 4 6 9 12 15 19 22 25 28 31 33 36 39 43 46 
0 4 7 9 12 16 19 22 25 28 30 33 37 40 43 46 
0 3 6 10 13 15 19 22 25 28 30 34 37 40 42 46 
0 3 8 9 12 16 19 22 25 27 30 33 36 39 43 46 
0 3 6 10 13 16 19 21 24 28 30 34 37 40 42 46 
0 3 6 10 13 16 18 21 24 27 30 34 37 40 42 45 
0 4 6 10 13 16 18 21 24 28 30 34 37 40 42 47 
0 3 6 10 13 16 18 21 24 28 30 34 37 40 42 45 
0 3 6 10 13 16 18 21 24 27 30 34 37 40 42 45 
1 3 7 9 12 16 19 22 25 27 30 33 36 40 42 47 
0 3 6 10 13 16 18 21 24 28 30 34 37 40 42 45 
1 3 6 9 12 16 19 22 25 28 30 33 36 40 43 46 
0 3 6 10 13 16 18 21 24 28 30 34 37 40 43 45 
0 3 7 9 12 16 19 22 25 28 30 33 37 39 42 46 
1 4 7 9 12 15 19 22 25 28 30 33 36 39 43 46 
0 4 7 10 13 16 18 21 24 28 30 34 37 40 42 46 
0 4 6 10 13 16 19 22 24 27 31 34 37 40 43 46 
0 4 7 10 13 16 19 23 24 27 30 33 38 41 43 47 
0 3 6 9 12 16 18 22 25 27 31 34 37 40 43 45 
1 3 6 9 12 15 19 22 25 28 30 33 36 39 43 46 
0 3 7 9 12 15 19 22 25 27 30 33 36 39 43 47 
1 3 7 9 12 15 19 22 25 27 30 33 36 39 43 47 
0 4 7 9 12 16 18 22 25 28 30 33 37 40 42 46 
1 4 7 9 12 15 19 22 25 28 30 33 37 39 42 46 
1 4 7 9 14 16 18 23 24 27 31 33 37 40 42 47 
1 4 7 9 13 16 18 22 26 28 30 33 37 40 42 47 
0 4 6 10 13 16 18 21 24 27 31 34 37 40 42 45 
0 4 6 9 13 16 18 21 26 27 30 34 37 40 42 46 
1 4 6 10 12 15 19 22 25 27 31 33 36 40 42 46 
0 4 6 10 13 16 18 21 24 27 30 34 37 40 42 46 
1 4 7 9 12 15 19 22 25 27 31 33 36 39 42 46 
1 5 7 9 12 16 19 22 25 28 30 33 36 39 43 47 
0 4 6 10 13 16 18 21 24 28 30 34 37 40 42 45 
1 5 7 9 12 15 19 22 25 27 30 33 36 39 43 47 
1 3 7 9 12 15 19 22 25 27 31 33 36 39 43 47 
0 3 7 9 12 15 19 22 25 27 30 33 36 39 43 46 
0 4 7 9 12 16 19 22 26 27 31 34 36 39 43 46 
0 3 6 10 13 16 18 21 24 28 31 34 37 40 42 47 
0 3 7 9 12 16 19 22 24 27 31 33 36 40 44 46 
1 3 7 9 12 15 19 22 25 27 30 33 36 39 43 46 
1 3 7 9 12 15 19 22 25 28 30 33 36 40 43 46 
1 3 6 10 13 16 18 21 24 27 31 34 37 40 42 45 
0 3 6 10 13 16 18 21 24 28 31 34 36 40 42 46 
0 5 7 11 12 16 19 22 25 28 31 33 38 41 43 46 
0 4 7 9 13 17 19 21 24 28 31 33 37 39 43 46 
0 3 6 10 13 15 19 21 25 28 30 33 36 40 42 46 
0 3 7 9 12 15 19 22 25 28 31 33 36 39 43 46 
0 3 6 10 13 16 19 21 24 28 30 34 36 40 43 46 
0 3 6 10 13 16 18 21 24 28 30 34 37 40 42 46 
1 3 6 10 13 16 18 21 24 28 30 34 37 40 42 45 
1 3 7 9 12 15 19 22 25 28 30 34 36 39 43 47 
0 4 7 10 13 16 19 22 25 27 30 34 37 40 42 46 
0 4 6 9 12 16 19 21 25 27 31 33 36 39 43 46 
0 3 7 10 13 16 19 22 25 28 30 34 37 40 43 46 
0 4 6 10 12 16 19 22 25 27 31 33 37 39 43 47 
0 3 7 10 13 16 19 21 24 28 31 34 37 40 42 46 
0 4 7 9 12 16 19 22 25 28 30 35 36 39 43 46 
1 3 7 10 12 15 18 22 25 28 30 33 36 40 43 46 
0 3 6 10 13 16 18 21 24 27 30 34 37 40 42 45 
0 3 6 10 13 16 18 21 24 27 30 34 37 40 42 45 
1 4 7 9 12 16 19 22 25 28 31 34 37 40 42 47 
0 3 6 10 13 16 18 21 24 28 32 34 37 40 42 46 
1 3 7 9 12 16 19 22 25 28 30 33 37 39 42 46 
1 3 7 9 13 16 19 21 25 28 30 33 37 40 42 47 
1 4 7 9 12 16 19 22 25 28 31 34 37 39 42 46 
1 4 6 10 13 16 18 21 24 28 31 33 37 39 42 45 
1 4 6 10 13 16 18 21 24 27 31 33 37 40 42 46 
0 4 6 9 13 16 18 21 24 28 31 33 37 40 42 45 
1 3 7 9 12 15 19 22 24 28 31 33 36 39 42 47 
1 4 7 9 13 16 19 22 24 28 31 33 36 39 43 47 
0 4 7 9 12 16 19 22 24 28 30 33 36 39 43 46 
0 4 6 10 13 16 18 21 24 27 30 33 37 40 42 46 
1 4 7 9 14 16 19 22 24 28 32 35 36 39 43 46 
1 4 7 9 14 15 19 22 25 28 30 33 36 39 43 47 
0 4 7 10 13 16 18 21 24 27 31 34 38 40 42 45 
0 4 7 11 13 16 18 22 24 28 32 33 37 40 44 46 
0 4 6 10 13 16 18 21 24 27 30 34 37 40 42 46 
0 4 6 10 13 16 18 21 24 27 31 34 36 40 42 45 
1 5 7 9 12 15 19 22 25 27 31 33 36 39 43 46 
0 4 6 10 13 16 20 23 24 27 32 35 37 41 44 47 
0 3 6 10 13 16 18 21 24 27 30 34 37 40 42 46 
0 3 6 10 13 16 18 21 24 27 30 34 37 40 42 46 
1 4 7 9 12 16 20 22 25 27 31 33 37 39 43 46 
1 4 7 9 13 16 19 22 25 28 31 33 37 40 42 47 
1 4 6 10 13 16 18 21 24 27 31 33 37 40 42 47 
1 4 7 9 13 16 18 22 25 28 31 33 36 39 42 46 
1 4 7 10 13 16 18 21 24 27 31 34 37 40 42 46 
1 4 6 9 13 16 18 21 24 27 31 34 37 40 43 45 
0 5 7 9 13 16 18 22 24 27 31 33 36 39 42 47 
1 4 7 9 13 16 18 22 25 27 31 33 36 40 42 47 
0 4 7 10 13 16 18 21 24 27 30 34 37 40 42 47 
1 3 7 9 12 15 19 22 25 29 31 33 36 39 43 47 
2 5 6 9 14 16 20 21 24 27 31 34 36 40 42 47 
1 4 6 9 12 15 18 22 25 27 31 33 36 39 43 45 
1 4 6 10 13 16 18 21 24 27 31 34 37 40 42 46 
2 5 8 11 12 16 18 22 25 27 30 34 37 39 42 47 
1 4 8 11 14 16 18 21 24 27 31 33 37 39 42 46 
1 4 7 11 12 15 18 22 24 27 31 35 36 39 43 46 
1 4 7 9 13 16 18 22 24 27 31 33 37 39 43 46 
1 4 6 9 13 17 18 21 24 27 31 33 37 40 42 46 
0 4 7 9 13 16 18 22 24 27 30 33 36 39 42 46 
0 4 6 10 14 16 18 21 24 28 30 34 37 40 42 45 
0 4 6 10 13 16 18 23 24 27 32 35 38 40 42 47 
0 4 6 10 13 16 18 21 24 28 31 34 37 40 42 45 
2 3 7 10 12 16 19 22 25 28 30 34 36 40 42 46 
0 4 6 10 13 16 18 21 24 28 30 34 38 40 42 45 
1 4 6 10 13 16 18 21 24 28 30 34 37 40 42 46 
0 3 6 10 13 16 18 21 24 27 30 34 37 40 42 46 
1 3 7 9 13 16 18 21 25 28 30 33 37 40 42 46 
0 3 6 10 13 16 18 21 24 27 31 34 37 40 42 45 
1 3 7 9 12 16 19 22 25 27 30 34 38 40 43 46 
0 3 6 10 13 16 18 21 24 27 30 34 37 40 42 45 
0 3 6 10 13 16 18 21 24 27 31 34 37 40 42 46 
1 3 7 9 12 16 19 22 25 28 31 33 36 39 42 46 
0 3 6 10 13 16 18 21 24 28 30 34 37 40 42 46 
1 4 7 10 13 16 19 22 24 28 32 35 38 40 42 46 
1 4 7 9 12 15 19 22 25 27 30 33 36 39 42 46 
0 4 7 9 12 16 19 22 26 28 30 33 36 39 42 46 
1 4 6 10 13 16 18 21 24 28 30 33 37 40 42 46 
1 4 7 9 12 15 19 22 25 28 31 33 37 39 42 46 
1 4 7 9 12 15 19 22 24 28 30 33 36 39 42 46 
1 4 7 9 12 15 19 22 25 27 30 33 36 39 42 46 
1 4 7 10 13 16 19 22 24 28 30 33 37 40 42 46 
0 4 7 9 13 16 19 22 24 27 31 33 37 39 43 46 
0 3 7 9 12 16 19 22 25 27 31 33 36 39 43 46 
0 4 7 9 12 16 19 22 25 27 31 33 36 40 43 46 
0 4 7 9 12 17 19 22 25 28 31 33 38 40 43 46 
0 3 7 9 12 15 19 22 24 28 31 33 36 39 43 47 
1 3 7 9 12 15 19 22 25 28 30 33 36 39 43 46 
0 3 6 10 13 16 19 22 24 28 30 34 37 40 42 46 
2 5 8 9 12 15 19 22 25 28 30 33 37 39 43 46 
1 3 7 9 14 15 19 22 25 28 30 34 36 41 43 46 
0 3 7 10 13 16 18 21 25 28 30 34 37 40 42 46 
0 3 7 9 12 15 19 22 25 28 30 33 36 39 42 46 
0 5 6 10 13 16 18 21 24 27 31 34 37 40 42 46 
0 3 6 10 13 16 20 23 26 29 30 34 37 40 42 46 
0 4 6 10 13 16 18 21 24 28 30 34 37 40 44 45 