0 0.000476837
1 0.000774384
2 0.00106812
3 0.001297
4 0.00152588
5 0.00178146
6 0.00206375
7 0.00239944
8 0.00268555
9 0.00308609
10 0.00354385
11 0.00405121
12 0.00453186
13 0.00517273
14 0.00598907
15 0.00683594
16 0.00779724
17 0.00871277
18 0.00981522
19 0.0108299
20 0.0120049
21 0.0133286
22 0.0148468
23 0.0162201
24 0.0178604
25 0.0194702
26 0.02108
27 0.0229301
28 0.0248451
29 0.0269432
30 0.029129
31 0.0312004
32 0.0332069
33 0.0353661
34 0.0374718
35 0.0395432
36 0.0418053
37 0.0440483
38 0.046505
39 0.0488091
40 0.0512276
41 0.053833
42 0.0561714
43 0.0585289
44 0.0609703
45 0.0632629
46 0.0657959
47 0.0683975
48 0.0712166
49 0.0740623
50 0.0769463
51 0.0799026
52 0.082901
53 0.0859261
54 0.089222
55 0.0924034
56 0.0956421
57 0.099102
58 0.102558
59 0.106121
60 0.109566
61 0.113297
62 0.11694
63 0.120888
64 0.124718
65 0.129009
66 0.133026
67 0.137241
68 0.141315
69 0.145432
70 0.149536
71 0.153721
72 0.157963
73 0.162453
74 0.166973
75 0.171432
76 0.176121
77 0.180809
78 0.185558
79 0.190746
80 0.195591
81 0.200352
82 0.205215
83 0.209816
84 0.214638
85 0.21925
86 0.223663
87 0.228039
88 0.232517
89 0.23708
90 0.241512
91 0.246029
92 0.250355
93 0.254459
94 0.258644
95 0.262566
96 0.266792
97 0.270737
98 0.274757
99 0.279083
100 0.283012
101 0.287083
102 0.290836
103 0.294781
104 0.298592
105 0.302677
106 0.306675
107 0.31078
108 0.31509
109 0.319214
110 0.323311
111 0.327305
112 0.331226
113 0.335026
114 0.338657
115 0.342583
116 0.346359
117 0.350086
118 0.353645
119 0.357063
120 0.360249
121 0.36351
122 0.366676
123 0.369858
124 0.372871
125 0.375637
126 0.378193
127 0.380745
128 0.383381
129 0.38578
130 0.388046
131 0.390099
132 0.392242
133 0.39431
134 0.396343
135 0.398491
136 0.400448
137 0.402214
138 0.404179
139 0.406094
140 0.407944
141 0.409725
142 0.411533
143 0.41333
144 0.415012
145 0.416779
146 0.418629
147 0.421501
148 0.429039
149 0.446156
150 0.471874
151 0.504627
152 0.539173
153 0.572395
154 0.598694
155 0.619511
156 0.636906
157 0.652473
158 0.667042
159 0.681313
160 0.69453
161 0.707195
162 0.719837
163 0.732197
164 0.74432
165 0.755936
166 0.767303
167 0.778103
168 0.788197
169 0.79837
170 0.807713
171 0.817173
172 0.826019
173 0.834499
174 0.84306
175 0.851681
176 0.860073
177 0.868366
178 0.876587
179 0.88472
180 0.892582
181 0.899578
182 0.905884
183 0.91151
184 0.916508
185 0.921211
186 0.925594
187 0.929657
188 0.933449
189 0.936924
190 0.940041
191 0.942993
192 0.945564
193 0.947586
194 0.949612
195 0.951649
196 0.953899
197 0.956104
198 0.958187
199 0.960102
200 0.961834
201 0.963661
202 0.965389
203 0.96701
204 0.96817
205 0.96912
206 0.970234
207 0.971348
208 0.972252
209 0.972961
210 0.973759
211 0.974636
212 0.97538
213 0.976131
214 0.976704
215 0.977207
216 0.97768
217 0.978081
218 0.978539
219 0.978916
220 0.979389
221 0.979794
222 0.980175
223 0.98064
224 0.981125
225 0.98159
226 0.982037
227 0.982456
228 0.982841
229 0.983295
230 0.983753
231 0.9842
232 0.984589
233 0.985065
234 0.985508
235 0.985901
236 0.986313
237 0.986748
238 0.987171
239 0.987556
240 0.987949
241 0.988369
242 0.988831
243 0.989326
244 0.989746
245 0.990231
246 0.990677
247 0.991131
248 0.991661
249 0.99218
250 0.992775
251 0.993233
252 0.994076
253 0.995083
254 0.996834
255 1
